# proton O2 collision
# Energy keV
# Cross section 1E-17 cm2 
# Ly Alpha emission
# Accuracy  -30% + 20%
0.04	0.97
0.06	1.75
0.08	2.40
0.10	2.91
0.20	4.32
0.30	4.77
0.40	4.83
0.50	4.81
0.60	4.79
0.80	4.82
1.0	4.93
2.0	5.59
3.0	5.71
4.0	5.54
5.0	5.29
6.0	5.08
8.0	4.77
10.0	4.61
12.0	4.51
14.0	4.43
16.0	4.34
18.0	4.24
20.0	4.13
22.0	4.00
24.0	3.86
26.0	3.71
28.0	3.55
30.0	3.39
32.0	3.24
34.0	3.09
36.0	2.94
38.0	2.80
40.0	2.66
50.0	2.09
60.0	1.66
70.0	1.33
80.0	1.08
100.0	0.72
110.0	0.59
120.0	0.511

