H0 (10-16)

energy	sig-	sig+	str
1.0	2.0	1.1	0.9
2.0	3.5	1.8	1.7
3.0	4.6	2.5     2.1
4.0	5.6	3.0     2.6
5	6.3	3.5     2.8
6	6.9	3.9     3.
7	7.3	4.3     3.
8	7.7	4.6     3.1
10	8.4	5.1     3.3
15	9.5	5.8     3.7
20	10.	6.3     3.7
25	10.5	6.6     3.9

sig+ : ionization
stripping = sig- - sig+



H+ (10-16)
ene	sig-	sig+	chargeexch
0.5	0.14	0
0.7	0.21	0
1.	0.31	13.5	13.19  
1.5	0.49	13.5    13.01
2.0	0.68	13.5    12.82
3.0	1.07	13.0    11.93
5.0	1.85	13.0    11.15
7.0	2.61	13.0    10.39
10	3.68	13.0    9.32
15	5.18	12.3    7.12
20	6.34	11.8    5.46
30	7.82	11.0    3.18
50	8.83	9.7     0.87
70	8.75	8.7
100	8.11	7.6
150	6.96
200	6.06
300	4.82
500	3.47
700	2.75
1000	2.13
1500	1.57
2000	1.26
3000	0.92
5000	0.61


0.5 0.7 1.  1.5 2.0 
3.0 5.0 7.0 10  15  
20  30  50  70  100 
150 200 300 500 700 
1000 1500 2000 3000 5000

0.14 0.21 0.31 0.49 0.68
1.07 1.85 2.61 3.68 5.18
6.34 7.82 8.83 8.75 8.11
6.96 6.06 4.82 3.47 2.75
2.13 1.57 1.26 0.92 0.61


1.	1.5	2.0	3.0	5.0	
7.0	10	15	20	30	
50	

13.19 13.01 12.82 11.93 11.15
10.39 9.32 7.12 5.46 3.18
0.87
