['./seff.py', 'tmp', '4']
		<Process name="" electrons="" threshold="">
			<Species>
				<Specie name="" state=""/>
			</Species>
			<Egrid unit="eV">
			      9.759462	     11.944528	     11.949133	     12.015137	     12.087764
			     12.300020	     12.398420	     12.435727	     12.499667	     12.504710
			     12.526187	     12.555362	     12.578290	     12.663078	     12.677321
			     12.690297	     12.703299	     12.749018	     12.781876	     12.837461
			     12.841450	     12.848104	     12.868106	     12.910986	     12.915021
			     12.924445	     12.931185	     12.939282	     12.941983	     12.955507
			     12.975845	     12.981279	     12.989439	     12.996247	     13.009885
			     13.023550	     13.034504	     13.048221	     13.050968	     13.061968
			     13.078502	     13.085404	     13.096461	     13.103382	     13.113083
			     13.154822	     13.182796	     13.191212	     13.206668	     13.210890
			     13.219341	     13.232038	     13.256089	     13.260342	     13.267437
			     13.270277	     13.295893	     13.304453	     13.310166	     13.345985
			     13.350296	     13.357488	     13.364687	     13.374779	     13.387777
			     13.403697	     13.432741	     13.435652	     13.447310	     13.457527
			     13.476543	     13.486805	     13.488272	     13.510319	     13.529485
			     13.535393	     13.584332	     13.585821	     13.594759	     13.597741
			     13.612670	     13.615660	     13.624637	     13.629130	     13.654648
			     13.660665	     13.669702	     13.699912	     13.704455	     13.715066
			     13.721138	     13.730255	     13.737861	     13.740907	     13.756152
			     13.757679	     13.763788	     13.768373	     13.779084	     13.786745
			     13.791346	     13.802093	     13.819015	     13.834434	     13.845248
			     13.868479	     13.880900	     13.884009	     13.896458	     13.913612
			     13.922987	     13.943342	     13.948048	     13.957469	     13.977926
			     13.979502	     13.987387	     13.988965	     13.993702	     13.996862
			     14.009514	     14.026949	     14.046018	     14.047609	     14.057166
			     14.071524	     14.073121	     14.085912	     14.095521	     14.101934
			     14.105142	     14.116384	     14.130864	     14.145374	     14.150217
			     14.161531	     14.169623	     14.182590	     14.198832	     14.223265
			     14.226529	     14.236330	     14.251057	     14.282249	     14.300369
			     14.303669	     14.308621	     14.315229	     14.326808	     14.333434
			     14.346702	     14.358332	     14.361659	     14.374980	     14.383318
			     14.395008	     14.403369	     14.416767	     14.420121	     14.421798
			     14.433551	     14.463859	     14.465547	     14.472301	     14.479061
			     14.480752	     14.501076	     14.523158	     14.526561	     14.538485
			     14.543601	     14.584661	     14.586376	     14.591526	     14.617331
			     14.638040	     14.639769	     14.651879	     14.686591	     14.688331
			     14.698779	     14.709242	     14.721468	     14.724964	     14.733714
			     14.744226	     14.745980	     14.760024	     14.804084	     14.805851
			     14.821781	     14.846629	     14.848407	     14.857304	     14.864429
			     14.875129	     14.884058	     14.901947	     14.910908	     14.950464
			     14.963094	     14.964900	     14.973937	     15.002928	     15.010194
			     15.015647	     15.024746	     15.030210	     15.037502	     15.059419
			     15.072234	     15.074067	     15.097930	     15.101608	     15.114495
			     15.118181	     15.138486	     15.145883	     15.166263	     15.194142
			     15.212785	     15.237090	     15.240836	     15.259594	     15.278398
			     15.297249	     15.306691	     15.325612	     15.329402	     15.344579
			     15.371212	     15.373118	     15.376932	     15.382655	     15.386473
			     15.401764	     15.411336	     15.420920	     15.426677	     15.453596
			     15.455522	     15.469021	     15.478677	     15.536867	     15.595497
			     15.624978	     15.654571	     15.684276	     15.690230	     15.704142
			     15.734036	     15.740028	     15.770059	     15.790143	     15.824403
			     15.844626	     15.875058	     15.895410	     15.897448	     15.926037
			     16.008289	     16.018630	     16.070538	     16.091395	     16.133273
			     16.164824	     16.204967	     16.207085	     16.217685	     16.219806
			     16.236799	     16.243181	     16.255959	     16.270892	     16.281576
			     16.290133	     16.307273	     16.324450	     16.326600	     16.341663
			     16.345972	     16.363231	     16.371874	     16.389187	     16.436988
			     16.467552	     16.476306	     16.487261	     16.513612	     16.540048
			     16.546670	     16.566569	     16.584296	     16.597617	     16.608734
			     16.631013	     16.648879	     16.671265	     16.695960	     16.722984
			     16.743309	     16.761417	     16.790926	     16.804581	     16.813697
			     16.827389	     16.847968	     16.873190	     16.914625	     16.995778
			     17.077713	     17.139093	     17.188992	     17.333175	     17.462563
			     17.712029	     17.842020	     17.945318	     18.065598	     18.081406
			     18.099883	     18.182167	     18.241018	     18.365309	     18.392553
			     18.466518	     18.505104	     18.785485	     19.074492	     19.372531
			     19.680032	     19.689408	     19.812112	     19.834299	     19.850176
			     19.997452	     20.094684	     20.298657	     20.331945	     20.378731
			     20.664033	     20.677819	     20.740080	     21.219271	     22.327427
			     22.359639	     22.375781	     22.408133	     23.088305	     23.580107
			     23.742666	     23.861470	     24.291575	     24.396734	     24.430384
			     24.896426	     28.502115	     28.833535	     31.388405	     35.627644
			     40.811126	     50.155421	     59.237554	     82.656133	    123.984200
			    182.329706	    277.991480	    413.280667	    427.531724	    925.255224
			   1252.365657	  12398.420000
			</Egrid>
			<Cross unit="cm2">
			  0.000000e+00	  0.000000e+00	  0.000000e+00	  0.000000e+00	  0.000000e+00
			  0.000000e+00	  0.000000e+00	  0.000000e+00	  0.000000e+00	  0.000000e+00
			  0.000000e+00	  0.000000e+00	  0.000000e+00	  0.000000e+00	  0.000000e+00
			  0.000000e+00	  0.000000e+00	  0.000000e+00	  0.000000e+00	  0.000000e+00
			  0.000000e+00	  0.000000e+00	  0.000000e+00	  0.000000e+00	  0.000000e+00
			  0.000000e+00	  0.000000e+00	  0.000000e+00	  0.000000e+00	  0.000000e+00
			  0.000000e+00	  0.000000e+00	  0.000000e+00	  0.000000e+00	  0.000000e+00
			  0.000000e+00	  0.000000e+00	  0.000000e+00	  0.000000e+00	  0.000000e+00
			  0.000000e+00	  0.000000e+00	  0.000000e+00	  0.000000e+00	  0.000000e+00
			  0.000000e+00	  0.000000e+00	  0.000000e+00	  0.000000e+00	  0.000000e+00
			  0.000000e+00	  0.000000e+00	  0.000000e+00	  0.000000e+00	  0.000000e+00
			  0.000000e+00	  0.000000e+00	  0.000000e+00	  0.000000e+00	  0.000000e+00
			  0.000000e+00	  0.000000e+00	  0.000000e+00	  0.000000e+00	  0.000000e+00
			  0.000000e+00	  0.000000e+00	  0.000000e+00	  0.000000e+00	  0.000000e+00
			  0.000000e+00	  0.000000e+00	  0.000000e+00	  0.000000e+00	  0.000000e+00
			  0.000000e+00	  0.000000e+00	  0.000000e+00	  0.000000e+00	  0.000000e+00
			  0.000000e+00	  0.000000e+00	  0.000000e+00	  0.000000e+00	  0.000000e+00
			  0.000000e+00	  0.000000e+00	  0.000000e+00	  0.000000e+00	  0.000000e+00
			  0.000000e+00	  0.000000e+00	  0.000000e+00	  0.000000e+00	  0.000000e+00
			  0.000000e+00	  0.000000e+00	  0.000000e+00	  0.000000e+00	  0.000000e+00
			  0.000000e+00	  0.000000e+00	  0.000000e+00	  0.000000e+00	  0.000000e+00
			  0.000000e+00	  0.000000e+00	  0.000000e+00	  0.000000e+00	  0.000000e+00
			  0.000000e+00	  0.000000e+00	  0.000000e+00	  0.000000e+00	  0.000000e+00
			  0.000000e+00	  0.000000e+00	  0.000000e+00	  0.000000e+00	  0.000000e+00
			  0.000000e+00	  0.000000e+00	  0.000000e+00	  0.000000e+00	  0.000000e+00
			  0.000000e+00	  0.000000e+00	  0.000000e+00	  0.000000e+00	  0.000000e+00
			  0.000000e+00	  0.000000e+00	  0.000000e+00	  0.000000e+00	  0.000000e+00
			  0.000000e+00	  0.000000e+00	  0.000000e+00	  0.000000e+00	  0.000000e+00
			  0.000000e+00	  0.000000e+00	  0.000000e+00	  0.000000e+00	  0.000000e+00
			  0.000000e+00	  0.000000e+00	  0.000000e+00	  0.000000e+00	  0.000000e+00
			  0.000000e+00	  0.000000e+00	  0.000000e+00	  0.000000e+00	  0.000000e+00
			  0.000000e+00	  0.000000e+00	  0.000000e+00	  0.000000e+00	  0.000000e+00
			  0.000000e+00	  0.000000e+00	  0.000000e+00	  0.000000e+00	  0.000000e+00
			  0.000000e+00	  0.000000e+00	  0.000000e+00	  0.000000e+00	  0.000000e+00
			  0.000000e+00	  0.000000e+00	  0.000000e+00	  0.000000e+00	  0.000000e+00
			  0.000000e+00	  0.000000e+00	  0.000000e+00	  0.000000e+00	  0.000000e+00
			  0.000000e+00	  0.000000e+00	  0.000000e+00	  0.000000e+00	  0.000000e+00
			  0.000000e+00	  0.000000e+00	  0.000000e+00	  0.000000e+00	  0.000000e+00
			  0.000000e+00	  0.000000e+00	  0.000000e+00	  0.000000e+00	  0.000000e+00
			  0.000000e+00	  0.000000e+00	  0.000000e+00	  0.000000e+00	  0.000000e+00
			  0.000000e+00	  0.000000e+00	  0.000000e+00	  0.000000e+00	  0.000000e+00
			  0.000000e+00	  0.000000e+00	  0.000000e+00	  0.000000e+00	  0.000000e+00
			  0.000000e+00	  0.000000e+00	  0.000000e+00	  0.000000e+00	  0.000000e+00
			  0.000000e+00	  0.000000e+00	  0.000000e+00	  0.000000e+00	  0.000000e+00
			  0.000000e+00	  0.000000e+00	  0.000000e+00	  0.000000e+00	  0.000000e+00
			  0.000000e+00	  0.000000e+00	  0.000000e+00	  0.000000e+00	  0.000000e+00
			  0.000000e+00	  0.000000e+00	  0.000000e+00	  0.000000e+00	  0.000000e+00
			  0.000000e+00	  0.000000e+00	  0.000000e+00	  0.000000e+00	  0.000000e+00
			  0.000000e+00	  0.000000e+00	  0.000000e+00	  0.000000e+00	  5.600000e-18
			  4.240000e-18	  3.720000e-17	  1.200000e-17	  1.030000e-17	  1.450000e-17
			  5.220000e-18	  7.480000e-18	  1.660000e-17	  8.760000e-18	  3.870000e-17
			  9.480000e-18	  3.610000e-17	  7.550000e-18	  8.320000e-18	  1.300000e-17
			  1.360000e-17	  7.540000e-18	  2.790000e-17	  7.900000e-18	  1.740000e-17
			  1.000000e-17	  6.580000e-17	  3.500000e-17	  1.450000e-17	  9.310000e-18
			  2.310000e-17	  2.180000e-17	  7.600000e-18	  1.280000e-17	  1.820000e-17
			  2.210000e-17	  1.130000e-17	  1.080000e-17	  9.980000e-18	  1.790000e-17
			  2.240000e-17	  1.300000e-17	  1.640000e-17	  1.040000e-17	  3.490000e-17
			  1.160000e-17	  1.300000e-17	  1.160000e-17	  1.000000e-17	  1.600000e-17
			  1.340000e-17	  1.750000e-17	  2.010000e-17	  1.380000e-17	  1.190000e-17
			  2.250000e-17	  1.490000e-17	  2.530000e-17	  1.230000e-17	  1.530000e-17
			  1.300000e-17	  1.810000e-17	  1.670000e-17	  2.080000e-17	  1.640000e-17
			  2.120000e-17	  1.860000e-17	  2.060000e-17	  1.880000e-17	  2.100000e-17
			  1.940000e-17	  4.090000e-17	  1.920000e-17	  1.730000e-17	  1.910000e-17
			  1.820000e-17	  2.980000e-17	  1.750000e-17	  2.300000e-17	  2.390000e-17
			  2.320000e-17	  2.380000e-17	  1.750000e-17	  2.030000e-17	  1.830000e-17
			  1.930000e-17	  1.810000e-17	  2.390000e-17	  2.630000e-17	  2.740000e-17
			  2.830000e-17	  2.350000e-17	  2.350000e-17	  2.320000e-17	  2.330000e-17
			  2.830000e-17	  2.320000e-17	  2.310000e-17	  2.590000e-17	  2.330000e-17
			  2.620000e-17	  2.230000e-17	  2.270000e-17	  2.300000e-17	  2.370000e-17
			  2.280000e-17	  2.390000e-17	  2.390000e-17	  2.430000e-17	  2.570000e-17
			  2.280000e-17	  2.530000e-17	  2.300000e-17	  2.230000e-17	  2.430000e-17
			  2.420000e-17	  2.330000e-17	  2.060000e-17	  1.810000e-17	  1.550000e-17
			  1.160000e-17	  8.590000e-18	  5.320000e-18	  1.750000e-18	  5.540000e-19
			  2.710000e-19	  1.020000e-19	  3.810000e-20	  7.600000e-19	  4.620000e-20
			  2.160000e-20	  4.000000e-23
			</Cross>
		</Process>
