['./seff.py', 'amop.O.dat', '1']
		<Process name="" electrons="" threshold="">
			<Species>
				<Specie name="" state=""/>
			</Species>
			<Egrid unit="eV">
			     13.618651	     14.586376	     15.498025	     16.597617	     16.868599
			     16.891580	     17.712029	     18.560509	     18.588336	     19.074492
			     20.664033	     22.542582	     24.796840	     27.552044	     30.996050
			     35.424057	     41.328067	     49.593680	     61.992100	     82.656133
			     95.372462	    103.320167	    112.712909	    123.984200	    130.509684
			    137.760222	    145.863765	    154.980250	    165.312267	    177.120286
			    190.744923	    206.640333	    225.425818	    247.968400	    275.520444
			    309.960500	    354.240571	    413.280667	    442.800714	    476.862308
			    495.936800	    516.600833	    527.592340	    551.040889	    563.564545
			    590.400952	    619.921000	    652.548421	    688.801111	    729.318824
			    774.901250	    826.561333	    885.601429	   1033.201667	   1239.842000
			   2479.684000	  12398.420000
			</Egrid>
			<Cross unit="cm2">
			  2.940000e-18	  3.050000e-18	  3.100000e-18	  3.150000e-18	  3.150000e-18
			  7.000000e-18	  7.300000e-18	  7.500000e-18	  9.750000e-18	  9.950000e-18
			  1.030000e-17	  1.030000e-17	  1.000000e-17	  9.550000e-18	  8.900000e-18
			  8.000000e-18	  7.000000e-18	  5.850000e-18	  4.600000e-18	  3.200000e-18
			  2.400000e-18	  2.000000e-18	  1.600000e-18	  1.250000e-18	  1.100000e-18
			  9.500000e-19	  8.000000e-19	  6.500000e-19	  5.500000e-19	  4.500000e-19
			  3.700000e-19	  2.900000e-19	  2.300000e-19	  1.800000e-19	  1.400000e-19
			  1.100000e-19	  7.800000e-20	  5.400000e-20	  4.600000e-20	  3.800000e-20
			  3.400000e-20	  3.100000e-20	  2.900000e-20	  5.600000e-19	  5.400000e-19
			  4.700000e-19	  4.300000e-19	  3.600000e-19	  3.200000e-19	  2.800000e-19
			  2.300000e-19	  2.000000e-19	  1.700000e-19	  1.100000e-19	  6.800000e-20
			  1.000000e-20	  7.000000e-23
			</Cross>
		</Process>
