# proton N2 collision
# Energy keV
# Cross section 1E-18 cm2 
# H(n=3->2) emission
# Accuracy 20% (<2keV); -20% +50% (2keV-100keV); +20% (>100keV)
0.05	0.006
0.10	0.036
0.15	0.103
0.20	0.217
0.25	0.385
0.30	0.60
0.35	0.83
0.40	1.08
0.50	1.59
0.60	2.10
0.70	2.59
0.80	3.07
1.0	4.03
2.0	7.95
3.0	9.64
4.0	10.05
5.0	10.09
6.0	10.11
7.0	10.21
8.0	10.37
10.0	10.87
12.0	11.43
14.0	11.93
16.0	12.32
18.0	12.56
20.0	12.66
25.0	12.39
30.0	11.65
35.0	10.75
40.0	9.83
50.0	8.20
60.0	6.91
70.0	5.88
80.0	5.03
100.0	3.67
120.0	2.65
140.0	1.87
160.0	1.31
170.0	1.09
180.0	0.91
200.0	0.64
250.0	0.284
300.0	0.142
350.0	0.080
400.0	0.049
500.0	0.021
600.0	0.011
700.0	0.006


