['./seff.py', 'tmp', '1']
		<Process name="" electrons="" threshold="">
			<Species>
				<Specie name="" state=""/>
			</Species>
			<Egrid unit="eV">
			      4.475964	      5.224787	      5.904010	      6.701849	      7.749013
			      7.797748	      7.847101	      7.897083	      7.947705	      7.998981
			      8.050922	      8.103542	      8.156855	      8.210874	      8.265613
			      8.321087	      8.377311	      8.434299	      8.492068	      8.550634
			      8.610014	      8.670224	      8.731282	      8.793206	      8.856014
			      8.919727	      8.984362	      9.049942	      9.103098	      9.280254
			      9.322120	      9.364366	      9.493430	      9.501433	      9.521133
			      9.723488	      9.972187	     10.182671	     10.198585	     10.200263
			     10.272947	     10.325993	     10.325993	     10.336323	     10.427603
			     10.467218	     10.480490	     10.538394	     10.539289	     10.547359
			     10.761583	     10.762517	     10.923718	     10.929496	     11.421852
			     11.428168	     11.431330	     11.567848	     11.631879	     11.956046
			     11.964122	     12.096020	     12.504710	     12.526187	     12.538855
			     12.654031	     12.677321	     12.690297	     12.894873	     12.935232
			     12.975845	     12.985358	     13.024919	     13.120021	     13.301599
			     13.479474	     13.535393	     13.684790	     13.971625	     14.039656
			     14.109958	     14.161531	     14.233062	     14.445322	     14.576087
			     14.693553	     14.760024	     14.884058	     14.992044	     15.382655
			     15.562219	     16.039353	     16.116496	     16.228298	     16.610959
			     17.255978	     17.750064	     18.010488	     18.078769	     18.249073
			     18.461018	     18.466518	     18.731561	     18.776950	     19.454605
			     19.701923	     20.117508	     20.520391	     20.677819	     21.350818
			     21.573725	     22.339495	     23.002635	     23.235420	     23.415335
			     23.580107	     24.387136	     26.101937	     26.976545	     27.430133
			     28.567788	     29.604632	     33.150856	     34.155427	     34.593806
			     40.824564	     44.598633	     49.593680	     78.471013	    123.984200
			    196.800317	    309.960500	    290.361124	    311.518090	    392.355063
			    525.356780	  12398.420000
			</Egrid>
			<Cross unit="cm2">
			  1.000000e-28	  3.000000e-26	  1.000000e-25	  4.000000e-24	  6.000000e-24
			  6.400000e-24	  6.800000e-24	  7.100000e-24	  7.400000e-24	  8.100000e-24
			  9.200000e-24	  1.200000e-23	  1.600000e-23	  2.300000e-23	  3.800000e-23
			  8.600000e-23	  2.800000e-22	  7.900000e-22	  2.800000e-21	  8.000000e-21
			  2.200000e-20	  7.800000e-20	  1.600000e-19	  3.600000e-19	  6.800000e-19
			  1.200000e-18	  2.200000e-18	  3.200000e-18	  6.850000e-18	  1.000000e-17
			  1.100000e-17	  1.300000e-17	  1.400000e-17	  1.400000e-17	  1.400000e-17
			  1.600000e-17	  1.800000e-17	  1.900000e-17	  1.600000e-17	  1.750000e-17
			  1.800000e-17	  1.900000e-17	  1.750000e-17	  1.900000e-17	  1.610000e-17
			  2.000000e-17	  2.300000e-17	  1.700000e-17	  2.510000e-17	  2.300000e-17
			  1.890000e-17	  1.840000e-17	  1.890000e-17	  1.750000e-17	  2.910000e-17
			  2.620000e-17	  2.700000e-17	  3.200000e-17	  3.100000e-17	  2.950000e-17
			  3.100000e-17	  3.300000e-17	  2.910000e-17	  3.800000e-17	  3.360000e-17
			  4.100000e-17	  4.100000e-17	  4.400000e-17	  5.600000e-17	  6.000000e-17
			  5.600000e-17	  5.600000e-17	  5.600000e-17	  5.460000e-17	  5.200000e-17
			  5.170000e-17	  4.650000e-17	  4.950000e-17	  5.200000e-17	  5.100000e-17
			  5.100000e-17	  5.070000e-17	  5.240000e-17	  5.120000e-17	  5.100000e-17
			  5.200000e-17	  4.750000e-17	  4.850000e-17	  4.820000e-17	  4.700000e-17
			  4.740000e-17	  4.620000e-17	  4.300000e-17	  4.770000e-17	  4.140000e-17
			  4.200000e-17	  3.780000e-17	  4.040000e-17	  3.940000e-17	  3.610000e-17
			  3.960000e-17	  3.780000e-17	  3.560000e-17	  3.660000e-17	  3.530000e-17
			  3.520000e-17	  3.410000e-17	  2.980000e-17	  3.130000e-17	  2.790000e-17
			  2.970000e-17	  2.500000e-17	  2.500000e-17	  2.120000e-17	  2.160000e-17
			  2.380000e-17	  2.300000e-17	  1.970000e-17	  1.820000e-17	  1.960000e-17
			  1.610000e-17	  1.680000e-17	  1.310000e-17	  9.800000e-18	  1.170000e-17
			  4.000000e-18	  4.000000e-18	  3.700000e-18	  1.300000e-18	  3.700000e-19
			  1.500000e-19	  5.900000e-20	  1.300000e-18	  1.000000e-18	  5.300000e-19
			  2.600000e-19	  1.000000e-21
			</Cross>
		</Process>
