H2

elastic
0.02  7.41
0.03  7.71
0.04  8.08
0.05  8.32
0.06  8.51
0.07  8.69
0.08  8.84
0.09  8.99
0.1   9.13
0.12  9.33
0.15  9.55
0.2   9.83
0.25 10.04
0.3  10.24
0.4  10.61
0.5  10.95
0.6  11.28
0.7  11.59
0.8  11.88
0.9  12.16
1    12.36
1.25 13
1.5  13.55
2    14.11
3    14.12
4    13.2
5    12.51
6    11.45
8     9.85
10     8.58
12     7.61
14     6.92
16     6.32
18     5.78
20     5.26
25     4.23
30     3.4
35     2.81
40     2.36
50     1.73
60     1.31
70     1.06
80     0.89
90     0.81
100     0.74


Rotational excitation J 0-> 2

 0.0439 0
 0.047  0.0185
 0.05   0.027
 0.055  0.035
 0.06   0.042
 0.065  0.048
 0.07   0.053
 0.08   0.062
 0.09   0.068
 0.1    0.074
 0.11   0.079
 0.13   0.088
 0.15   0.097
 0.2    0.115
 0.25   0.132
 0.3    0.152
 0.35   0.175
 0.4    0.2
 0.45   0.228
 0.5    0.26
 0.6    0.323
 0.7    0.394
 0.8    0.469
 0.9    0.555
 1      0.638
 1.2    0.796
 1.5    1.036
 2      1.37
 2.5    1.585
 3      1.704
 3.5    1.755
 4      1.758
 4.5    1.732
 5      1.689
 6      1.579
 7      1.462
 8      1.35
 9      1.248
10      1.156
15      0.73

Vibrational excitation v=0->1
  0.55 0.01
  0.6  0.017
  0.66 0.027
  0.74 0.038
  0.8  0.047
  0.85 0.059
  1    0.094
  1.25 0.172
  1.48 0.24
  2    0.367
  2.46 0.442
  3    0.486
  3.8  0.461
  4.6  0.38
  5    0.343
  5.3  0.324
  5.6  0.302
  6.1  0.27
  7    0.21
 15    0.0565
 20    0.0332
 25    0.0242
 30    0.017
 40    0.0112
 50    0.00968
 60    0.00817
 80    0.00609
100    0.00451


Excited states


b3Su+
  9.2 0.121
 10.2 0.208
 12.2 0.494
 15.2 0.83
 17.2 0.573
 20.2 0.392
 30   0.135
 40   0.0771
100   0.0073



Energy B1Su+	C1Pu
  12   0.00351 0
  12.2 0.0064  0
  12.4 0.0103  0.00068
  12.6 0.0151  0.00207
  12.8 0.0206  0.00481
  13   0.0266  0.00873
  13.3 0.0363  0.0159
  13.6 0.0464  0.0242
  14   0.0598  0.0361
  14.5 0.076    0.0512
  15   0.0913  0.0657
  15.5 0.106    0.0793
  16   0.119    0.092
  16.5 0.131    0.104
  17   0.143    0.115
  17.5 0.154    0.126
  18   0.164    0.135
  18.5 0.174    0.145
  19   0.183    0.153
  20   0.199    0.169
  22.5 0.232    0.201
  25   0.255    0.224
  27.5 0.273    0.242
  30   0.285    0.254
  35   0.301    0.27
  40   0.308    0.278
  45   0.31     0.281
  50   0.308    0.281
  60   0.301    0.276
  70   0.291    0.267
  80   0.281    0.258
  90   0.271    0.25
 100   0.262    0.241
 150   0.225    0.208
 200   0.198    0.184
 250   0.177    0.165
 300   0.16     0.149
 350   0.146    0.136
 400   0.134    0.125
 450   0.124    0.116
 500   0.115    0.108
 600   0.101    0.0949
 700   0.0907  0.085
 800   0.0823  0.0771
 900   0.0754  0.0707
1000   0.0697  0.0654


E,F1Sg+
   5   0.028
  16   0.033
  17   0.037
  17.5 0.038
  19   0.039
  20   0.04
  21   0.04
  23.5 0.04
  26   0.04
  30   0.04
  40   0.041
  50   0.041
  60   0.039
  70   0.036
  80   0.034
 100   0.029
 120   0.026
 140   0.024
 160   0.022
 180   0.021
 200   0.02
 220   0.019
 240   0.018
 260   0.017
 280   0.016
 300   0.015
 400   0.012
 500   0.0096
 600   0.008
 700   0.0069
 800   0.0061
 900   0.0054
1000   0.0049


Energy a3Sg+	c3Pu	e3Su+
17.5 0.0699 0.109  0.0108
20   0.1011 0.2489 0.0252
30   0.0186 0.0796 0.0132


H+H dissociation
 9   0.044
10   0.26
12.2 0.668
15   0.87
16.5 0.9
20   0.751
30   0.538
40   0.373
50   0.299
60   0.215
70   0.172
80   0.147


energ H2+  H+

  30 6.42 0.86
  35 7.42 1.76
  40 8.12 2.87
  45 8.39 4.08
  50 8.59 4.82
  55 8.74 5.72
  60 8.82 6.25
  65 8.8  6.82
  70 8.79 7.05
  75 8.71 7.37
  80 8.63 7.39
  85 8.53 7.51
  90 8.43 7.54
  95 8.35 7.61
 100 8.24 7.59
 110 7.97 7.44
 120 7.8  7.24
 140 7.39 6.71
 160 6.99 6.39
 180 6.55 5.92
 200 6.22 5.45
 225 5.85 5.05
 250 5.51 4.5
 275 5.15 4.12
 300 4.9  3.92
 350 4.43 3.39
 400 4.07 2.94
 450 3.72 2.6
 500 3.49 2.41
 550 3.17 2.11
 600 2.98 1.97
 650 2.84 1.81
 700 2.66 1.71
 750 2.56 1.59
 800 2.42 1.49
 850 2.34 1.37
 900 2.22 1.35
 950 2.1  1.25
1000 1.99 1.17



