14	2.6	0	0	0	2.6
16	16.3	0	0	0	16.3
18	23.0	2.2	0	0	26.5
20	27.6	7.0	1.4	0	36
25	36.1	12.8	4.2	0	53.0	
30	44.8	16.3	6.6	1.0	68.8
35	52.7	18.5	8.0	2.5	82.3
40	60.8	20.6	9.4	5.7	96.5
50	68.5	23.8	11.5	11.5	115.3
60	70.1	25.8	13.3	15.1	124.3
70	68.0	28.2	15.0	17.0	128.2
80	66.1	30.6	16.2	18.1	131.0
90	63.0	32.3	17.9	18.8	132.0
100	61.6	34.0	18.9	19.1	133.0
150	55.0	36.2	20.4	19.5	131
200	48.4	36.0	20.4	19.2	124
300	38.4	30.3	18.5	17.	104.2
400	32.3	26.0	15.8	15.3	89.3
500	28.2	23.0	13.9	14.0	79.2
600	24.7	20.3	12.1	12.4	69.4
700	22.1	18.2	10.8	11.1	62.2
800	20.1	16.6	9.7	10.1	56.5
900	18.4	15.3	8.9	9.3	51.9
1000	17.1	14.2	8.2	8.7	48.1
10000	2.83	2.35	1.33	1.41    7.92

#> 1000 frac 0.36 0.3 0.17 0.18  tot (-43100 + 13200 lnE) / E
