14		0.23
15              0.55
16              0.96
17              1.30
18              1.70
19              2.12
20              2.55
21              3.10
22              3.68
23              4.10
24              4.60
25              5.00
26              5.35
28              6.18
30              6.85
32              7.46
34              8.20
36              8.90
38              9.40
40              10.
45              11.
50              11.8
55              12.3
60              12.9
65              13.4
70              13.8
75              14.2
80              14.5
85              14.7
90              14.9
95              15.
100             15.1
110             15.2
120             15.2
130             15.2
140             15.1
150             15.0
160             14.9
180             14.7
200             14.2
250             12.7
300             11.5
350             10.2
400             9.30
450             8.50
500             7.84
550             7.30
600             6.90
650             6.55
700             6.25
750             6.00
800             5.81
850             5.50
900             5.30
950             5.15
1000            4.90
1100            4.55
1200            4.25
1400            3.80
1600            3.45
1800            3.20
2000            3.00

