['seff.py', 'BrnOut', '1']
		<Process name="" electrons="" threshold="">
			<Species>
				<Specie name="" state=""/>
			</Species>
			<Egrid unit="eV">
			      10.615086	     10.669897	     10.790618	     10.856760	     10.904503
			      10.952668	     10.981771	     10.991507	     11.001260	     11.011030
			      11.030623	     11.040445	     11.050285	     11.060143	     11.070018
			      11.079911	     11.089821	     11.109695	     11.139641	     11.179820
			      11.240635	     11.302115	     11.343477	     11.364271	     11.385142
			      11.395607	     11.406090	     11.416593	     11.427115	     11.437657
			      11.448218	     11.458799	     11.469399	     11.490658	     11.501317
			      11.533414	     11.587308	     11.609007	     11.641709	     11.663612
			      11.696623	     11.707668	     11.718733	     11.729820	     11.740928
			      11.752057	     11.763207	     11.774378	     11.785570	     11.808019
			      11.819276	     11.830553	     11.841853	     11.853174	     11.864517
			      11.875881	     11.887267	     11.898676	     11.910106	     11.921558
			      11.956046	     11.979150	     11.990735	     12.002343	     12.013973
			      12.025626	     12.037301	     12.048999	     12.060720	     12.072463
			      12.084230	     12.119668	     12.131526	     12.143408	     12.155314
			      12.167242	     12.179194	     12.191170	     12.203169	     12.215192
			      12.227239	     12.251403	     12.263521	     12.275663	     12.287830
			      12.300020	     12.312234	     12.324473	     12.336736	     12.349024
			      12.361336	     12.373673	     12.386034	     12.398420	     12.399660
			      12.400900	     12.402141	     12.403381	     12.404622	     12.405864
			      12.407105	     12.408347	     12.410831	     12.413316	     12.415802
			      12.420777	     12.422022	     12.423267	     12.424511	     12.425757
			      12.427002	     12.428248	     12.431986	     12.436975	     12.438222
			      12.439470	     12.440718	     12.441967	     12.443216	     12.444465
			      12.446963	     12.448213	     12.450713	     12.453214	     12.454465
			      12.455716	     12.456968	     12.668254	     12.747707	     12.792427
			      12.802995	     12.808285	     12.813580	     12.818879	     12.824183
			      12.840120	     12.845441	     12.849435	     12.854764	     12.874787
			      12.888170	     12.902924	     12.910986	     12.916366	     12.920404
			      12.924445	     12.928488	     12.933883	     12.937932	     12.941983
			      12.958215	     13.013981	     13.108924	     13.143666	     13.165998
			      13.171592	     13.174392	     13.177192	     13.179994	     13.182796
			      13.192615	     13.195424	     13.196828	     13.202449	     13.212298
			      13.222161	     13.230626	     13.234863	     13.237690	     13.240517
			      13.241931	     13.244760	     13.246175	     13.249006	     13.257506
			      13.278805	     13.331634	     13.353172	     13.367569	     13.369010
			      13.370452	     13.371894	     13.373336	     13.374779	     13.376222
			      13.380553	     13.381997	     13.383441	     13.384886	     13.387777
			      13.393562	     13.397904	     13.405147	     13.409496	     13.410946
			      13.412397	     13.413848	     13.415300	     13.416751	     13.421108
			      13.431286	     13.463373	     13.476543	     13.485338	     13.486805
			      13.488272	     13.489740	     13.491208	     13.492676	     13.494145
			      13.495613	     13.497083	     13.501492	     13.505904	     13.508847
			      13.511792	     13.513264	     13.514737	     13.516211	     13.519158
			      13.525057	     13.545745	     13.554630	     13.560560	     13.562043
			      13.563527	     13.566495	     13.567980	     13.569465	     13.572436
			      13.573922	     13.576894	     13.578381	     13.579869	     13.581356
			      13.582844	     13.587310	     13.600724	     13.606694	     13.611176
			      13.612670	     13.614165	     13.615660	     13.617155	     13.618651
			      13.621644	     13.623140	     13.624637	     13.626135	     13.627632
			      13.630629	     13.639626	     13.644129	     13.647133	     13.648635
			      13.650138	     13.651641	     13.653144	     13.654648	     13.656152
			      13.657656	     13.727214	     15.680309	     17.306561	     17.551557
			      18.060335	     18.168845	     18.208871	     18.249073	     18.289453
			      18.308358	     18.327302	     18.346286	     18.381646	     18.400742
			      18.417142	     18.452776	     18.505104	     18.552177	     18.675132
			      19.279148	     19.396777	     19.433260	     19.445452	     19.460713
			      19.472939	     19.479057	     19.488243	     19.494371	     19.500503
			      19.506639	     19.518923	     19.531222	     19.543537	     19.568213
			      19.689408	     19.869263	     19.904351	     19.917141	     19.923542
			      19.929947	     19.933151	     19.936356	     19.939563	     19.942770
			      19.952398	     19.958822	     19.968465	     19.991003	     20.110981
			      20.137112	     20.146929	     20.156755	     20.163311	     20.166591
			      20.173153	     20.179720	     20.196156	     20.258856	     20.272106
			      20.278737	     20.282055	     20.288693	     20.292013	     20.295335
			      20.301981	     20.305306	     20.321947	     20.351970	     20.355311
			      20.358654	     20.361997	     20.365342	     20.368687	     20.372034
			      20.375382	     20.378731	     20.382081	     20.388785	     20.408922
			      20.412282	     20.415643	     20.422369	     20.425733	     20.429099
			      20.432465	     20.435833	     20.439202	     20.449316	     20.452689
			      20.462816	     20.466193	     20.469572	     20.472952	     20.479716
			      20.483099	     21.281188	     21.336121	     21.343467	     21.365535
			      21.395030	     21.443134	     21.480284	     21.543736	     21.778359
			      22.199499	     22.203474	     22.271277	     22.291298	     22.307341
			      22.351577	     22.633114	     22.641381	     22.645516	     22.662073
			      22.666216	     22.670360	     22.678654	     22.686953	     22.695259
			      22.699414	     22.707729	     22.724377	     22.736879	     22.757746
			      23.135697	     23.148656	     23.152979	     23.157303	     23.161629
			      23.165957	     23.174617	     23.384421	     23.388832	     23.393245
			      23.397660	     23.406494	     23.521950	     23.526414	     23.530879
			      23.535345	     23.548756	     23.611541	     23.616038	     23.634045
			      23.665623	     23.670141	     23.679183	     23.706348	     23.710882
			      23.715417	     25.092937	     25.328744	     25.339097	     25.390989
			      25.396190	     25.401393	     25.437874	     25.443095	     25.569025
			      25.579575	     25.830042	     26.379617	     26.953087	     27.552044
			      28.178227	     28.833535	     29.520048	     30.240049	     30.996050
			      31.790821	     32.627421	     33.509243	     34.440056	     35.424057
			      36.465941	     37.570970	     38.745063	     39.994903	     41.328067
			      42.753172	     44.280071	     45.920074	     47.686231	     49.593680
			      51.660083	     53.906174	     56.356455	     59.040095	     61.992100
			      65.254842	     68.880111	     72.931882	     77.490125	     82.656133
			      88.560143	     95.372462	    103.320167	    112.712909	    123.984200
			     137.760222	    154.980250	    169.981080	    170.004388	    177.120286
			     206.640333	    234.996588	    235.041137	    247.968400	    309.960500
			     413.280667	    619.921000	   1239.842000	   2474.734531	   2479.684000
			  123984.200000
			</Egrid>
			<Cross unit="cm2">
			   9.230000e-18	  1.460000e-17	  2.720000e-17	  3.010000e-17	  2.860000e-17
			   2.370000e-17	  1.800000e-17	  1.660000e-17	  1.830000e-17	  3.380000e-17
			   9.640000e-17	  9.790000e-17	  1.350000e-16	  1.190000e-16	  8.830000e-17
			   6.980000e-17	  5.850000e-17	  4.530000e-17	  3.450000e-17	  2.430000e-17
			   1.510000e-17	  8.440000e-18	  4.880000e-18	  3.220000e-18	  1.990000e-18
			   1.430000e-18	  1.240000e-18	  1.090000e-18	  1.070000e-18	  1.250000e-18
			   1.580000e-18	  2.140000e-18	  3.490000e-18	  5.020000e-18	  8.040000e-18
			   1.320000e-17	  2.690000e-17	  3.020000e-17	  2.950000e-17	  2.530000e-17
			   1.840000e-17	  3.100000e-17	  7.030000e-17	  8.640000e-17	  8.930000e-17
			   4.940000e-17	  3.440000e-17	  2.480000e-17	  1.700000e-17	  1.160000e-17
			   7.590000e-18	  4.630000e-18	  3.020000e-18	  2.230000e-18	  1.430000e-18
			   1.310000e-18	  1.850000e-18	  3.500000e-18	  6.210000e-18	  9.990000e-18
			   2.480000e-17	  2.630000e-17	  2.010000e-17	  9.980000e-18	  3.640000e-18
			   1.760000e-17	  9.700000e-17	  8.070000e-17	  8.820000e-18	  6.290000e-18
			   2.410000e-17	  9.320000e-17	  1.270000e-16	  1.270000e-16	  1.530000e-17
			   2.810000e-17	  4.160000e-17	  4.850000e-17	  8.370000e-17	  5.910000e-17
			   5.610000e-17	  3.100000e-17	  5.880000e-18	  3.070000e-18	  3.060000e-17
			   3.750000e-17	  6.990000e-17	  4.530000e-17	  2.600000e-17	  2.660000e-18
			   2.720000e-17	  5.230000e-17	  6.470000e-17	  7.640000e-18	  4.220000e-18
			   2.520000e-18	  1.380000e-18	  1.050000e-18	  2.240000e-18	  3.950000e-18
			   6.550000e-18	  1.170000e-17	  2.700000e-17	  3.280000e-17	  3.470000e-17
			   3.320000e-17	  1.000000e-16	  4.760000e-17	  5.440000e-17	  7.130000e-17
			   4.620000e-17	  3.300000e-17	  2.260000e-17	  8.040000e-18	  4.060000e-18
			   2.270000e-18	  1.120000e-18	  1.750000e-18	  4.950000e-18	  1.210000e-17
			   2.700000e-17	  3.250000e-17	  3.400000e-17	  2.920000e-17	  6.110000e-17
			   5.530000e-17	  5.750000e-17	  2.790000e-17	  2.310000e-17	  1.890000e-17
			   2.000000e-17	  2.230000e-17	  2.720000e-17	  3.630000e-17	  5.050000e-17
			   1.060000e-16	  1.200000e-16	  1.260000e-16	  1.230000e-16	  8.990000e-17
			   7.510000e-17	  6.840000e-17	  6.810000e-17	  7.000000e-17	  7.500000e-17
			   8.820000e-17	  1.360000e-16	  1.670000e-16	  3.890000e-17	  3.420000e-17
			   3.760000e-17	  3.610000e-17	  2.880000e-17	  2.310000e-17	  1.790000e-17
			   1.860000e-17	  2.050000e-17	  2.450000e-17	  3.200000e-17	  4.410000e-17
			   1.110000e-16	  1.210000e-16	  1.250000e-16	  1.150000e-16	  8.740000e-17
			   7.270000e-17	  6.730000e-17	  6.880000e-17	  7.210000e-17	  7.990000e-17
			   1.020000e-16	  1.860000e-16	  5.620000e-17	  3.440000e-17	  3.870000e-17
			   3.830000e-17	  3.010000e-17	  2.360000e-17	  1.740000e-17	  1.750000e-17
			   1.830000e-17	  2.060000e-17	  2.540000e-17	  3.380000e-17	  4.680000e-17
			   9.820000e-17	  1.120000e-16	  1.210000e-16	  1.240000e-16	  1.160000e-16
			   8.920000e-17	  7.430000e-17	  6.720000e-17	  7.090000e-17	  7.680000e-17
			   1.210000e-16	  8.680000e-17	  3.500000e-17	  3.540000e-17	  3.930000e-17
			   3.930000e-17	  3.070000e-17	  2.390000e-17	  1.720000e-17	  1.760000e-17
			   2.120000e-17	  3.000000e-17	  4.140000e-17	  7.470000e-17	  1.070000e-16
			   1.210000e-16	  1.190000e-16	  8.750000e-17	  7.380000e-17	  6.710000e-17
			   7.020000e-17	  8.140000e-17	  1.260000e-16	  3.560000e-17	  3.950000e-17
			   3.990000e-17	  3.120000e-17	  2.440000e-17	  1.690000e-17	  1.900000e-17
			   3.510000e-17	  1.100000e-16	  1.240000e-16	  1.170000e-16	  8.660000e-17
			   7.160000e-17	  6.700000e-17	  7.200000e-17	  1.020000e-16	  7.360000e-17
			   3.970000e-17	  4.020000e-17	  3.130000e-17	  2.430000e-17	  1.710000e-17
			   2.060000e-17	  4.310000e-17	  1.120000e-16	  1.210000e-16	  8.610000e-17
			   7.150000e-17	  6.700000e-17	  8.470000e-17	  7.950000e-17	  3.980000e-17
			   4.050000e-17	  3.180000e-17	  2.490000e-17	  1.700000e-17	  3.150000e-17
			   1.140000e-16	  1.210000e-16	  8.580000e-17	  7.150000e-17	  6.970000e-17
			   8.730000e-17	  4.950000e-17	  5.360000e-17	  4.930000e-17	  4.790000e-17
			   4.280000e-17	  3.860000e-17	  3.460000e-17	  2.740000e-17	  1.790000e-17
			   1.450000e-17	  1.300000e-17	  1.290000e-17	  1.410000e-17	  1.530000e-17
			   1.750000e-17	  2.460000e-17	  3.440000e-17	  3.880000e-17	  4.100000e-17
			   3.640000e-17	  3.280000e-17	  2.870000e-17	  2.500000e-17	  1.890000e-17
			   1.130000e-17	  8.890000e-18	  8.200000e-18	  8.950000e-18	  1.070000e-17
			   1.330000e-17	  2.080000e-17	  2.810000e-17	  3.260000e-17	  3.570000e-17
			   3.550000e-17	  3.180000e-17	  2.820000e-17	  2.410000e-17	  2.020000e-17
			   1.250000e-17	  7.820000e-18	  6.600000e-18	  7.840000e-18	  1.110000e-17
			   2.320000e-17	  2.830000e-17	  3.190000e-17	  3.400000e-17	  3.130000e-17
			   2.820000e-17	  2.380000e-17	  1.610000e-17	  1.400000e-17	  1.490000e-17
			   2.600000e-17	  3.030000e-17	  3.250000e-17	  3.080000e-17	  2.810000e-17
			   2.350000e-17	  2.120000e-17	  2.550000e-17	  2.330000e-17	  1.700000e-17
			   2.600000e-17	  2.990000e-17	  3.170000e-17	  3.060000e-17	  2.840000e-17
			   2.300000e-17	  2.250000e-17	  2.770000e-17	  2.900000e-17	  2.720000e-17
			   1.860000e-17	  1.640000e-17	  2.650000e-17	  3.070000e-17	  3.170000e-17
			   2.580000e-17	  2.770000e-17	  2.930000e-17	  2.780000e-17	  1.850000e-17
			   1.980000e-17	  2.740000e-17	  2.990000e-17	  3.420000e-17	  2.920000e-17
			   2.910000e-17	  2.540000e-17	  1.760000e-17	  2.760000e-17	  3.240000e-17
			   3.200000e-17	  2.280000e-17	  2.200000e-17	  2.280000e-17	  3.150000e-17
			   2.590000e-17	  2.170000e-17	  2.180000e-17	  2.260000e-17	  2.220000e-17
			   2.030000e-17	  2.150000e-17	  2.190000e-17	  2.290000e-17	  2.160000e-17
			   2.020000e-17	  1.840000e-17	  1.840000e-17	  1.820000e-17	  1.850000e-17
			   2.010000e-17	  2.360000e-17	  1.980000e-17	  1.700000e-17	  1.720000e-17
			   1.880000e-17	  1.860000e-17	  1.850000e-17	  1.890000e-17	  1.840000e-17
			   1.640000e-17	  1.630000e-17	  1.800000e-17	  1.880000e-17	  1.680000e-17
			   1.560000e-17	  1.670000e-17	  1.570000e-17	  1.540000e-17	  1.920000e-17
			   1.510000e-17	  1.590000e-17	  1.520000e-17	  1.660000e-17	  1.510000e-17
			   1.530000e-17	  1.570000e-17	  1.590000e-17	  1.430000e-17	  1.540000e-17
			   1.470000e-17	  1.510000e-17	  1.520000e-17	  1.510000e-17	  1.480000e-17
			   1.510000e-17	  1.150000e-17	  1.120000e-17	  1.090000e-17	  1.080000e-17
			   1.130000e-17	  1.080000e-17	  1.100000e-17	  1.070000e-17	  1.040000e-17
			   1.040000e-17	  9.230000e-18	  8.130000e-18	  7.140000e-18	  6.240000e-18
			   5.430000e-18	  4.710000e-18	  4.080000e-18	  3.520000e-18	  3.030000e-18
			   2.620000e-18	  2.260000e-18	  1.960000e-18	  1.710000e-18	  1.500000e-18
			   1.340000e-18	  1.200000e-18	  1.100000e-18	  1.030000e-18	  9.800000e-19
			   9.470000e-19	  9.300000e-19	  9.240000e-19	  9.260000e-19	  9.340000e-19
			   9.460000e-19	  9.590000e-19	  9.700000e-19	  9.790000e-19	  9.820000e-19
			   9.800000e-19	  9.710000e-19	  9.540000e-19	  9.280000e-19	  8.930000e-19
			   8.490000e-19	  7.960000e-19	  7.350000e-19	  6.660000e-19	  5.900000e-19
			   5.100000e-19	  4.260000e-19	  3.660000e-19	  5.150000e-18	  4.940000e-18
			   4.020000e-18	  3.250000e-18	  3.620000e-18	  3.300000e-18	  2.160000e-18
			   1.160000e-18	  4.350000e-19	  7.190000e-20	  1.120000e-20	  1.070000e-19
			   1.250000e-24
			</Cross>
		</Process>
