10.0	20.0	30.0	40.0	50.0	
60.0	70.0	80.0	90.0	100.0	
150.0	200.0	250.0	300.0	350.0	
400.0	450.0	500.0	550.0	600.0	
650.0	700.0	750.0	800.0	850.0	
900.0	950.0	1000.0	1500.0	2000.0	
2500.0	3000.0	3500.0	4000.0	4500.0	
5000.0	5500.0	6000.0	6500.0	7000.0	
7500.0	8000.0	8500.0	9000.0	9500.0	
10000.0	

0.0060 0.0130 0.0210 0.0300 0.0380
0.0470 0.0560 0.0660 0.0750 0.0850
0.1340 0.1840 0.2350 0.2860 0.3370
0.3880 0.4380 0.4880 0.5370 0.5850
0.6320 0.6790 0.7250 0.7690 0.8130
0.8560 0.8980 0.9400 1.3050 1.5950
1.8250 2.0090 2.1570 2.2770 2.3740
2.4540 2.5190 2.5720 2.6160 2.6510
2.6800 2.7030 2.7220 2.7360 2.7470
2.7550

0.0009 0.0020 0.0040 0.0060 0.0080
0.0100 0.0120 0.0150 0.0170 0.0200
0.0340 0.0510 0.0680 0.0870 0.1070
0.1280 0.1490 0.1710 0.1940 0.2180
0.2420 0.2670 0.2920 0.3180 0.3430
0.3700 0.3960 0.4230 0.7050 0.9960
1.2880 1.5740 1.8480 2.1090 2.3550
2.5860 2.8000 3.0000 3.1840 3.3540
3.5110 3.6550 3.7870 3.9070 4.0180
4.1190


0.0006 0.0013 0.0020 0.0030 0.0040
0.0040 0.0050 0.0060 0.0070 0.0080
0.0120 0.0170 0.0220 0.0260 0.0310
0.0360 0.0420 0.0470 0.0520 0.0570
0.0620 0.0680 0.0730 0.0780 0.0840
0.0890 0.0950 0.1000 0.1560 0.2130
0.2700 0.3270 0.3830 0.4390 0.4940
0.5480 0.6010 0.6530 0.7040 0.7540
0.8030 0.8500 0.8970 0.9420 0.9850
1.0280


0.0015 0.0030 0.0050 0.0080 0.0100
0.0120 0.0140 0.0170 0.0190 0.0220
0.0350 0.0490 0.0630 0.0780 0.0930
0.1080 0.1240 0.1400 0.1560 0.1730
0.1890 0.2060 0.2230 0.2400 0.2580
0.2750 0.2930 0.3100 0.4920 0.6810
0.8740 1.0700 1.2660 1.4630 1.6600
1.8550 2.0490 2.2410 2.4310 2.6190
2.8040 2.9860 3.1650 3.3410 3.5130
3.6830

0.0260 0.0430 0.0570 0.0700 0.0820
0.0930 0.1030 0.1140 0.1230 0.1330
0.1760 0.2160 0.2520 0.2860 0.3190
0.3500 0.3800 0.4090 0.4370 0.4650
0.4910 0.5180 0.5430 0.5680 0.5930
0.6170 0.6400 0.6640 0.8790 1.0720
1.2490 1.4140 1.5680 1.7150 1.8530
1.9860 2.1120 2.2330 2.3490 2.4610
2.5680 2.6710 2.7710 2.8670 2.9600
3.0490


0.0004 0.0009 0.0015 0.0020 0.0030
0.0030 0.0040 0.0040 0.0050 0.0060
0.0090 0.0120 0.0150 0.0190 0.0220
0.0260 0.0290 0.0330 0.0360 0.0400
0.0440 0.0470 0.0510 0.0550 0.0580
0.0620 0.0660 0.0700 0.1090 0.1480
0.1880 0.2290 0.2700 0.3110 0.3510
0.3920 0.4330 0.4740 0.5140 0.5540
0.5940 0.6330 0.6720 0.7110 0.7500
0.7880


0.0020 0.0050 0.0090 0.0140 0.0200
0.0260 0.0320 0.0400 0.0470 0.0550
0.1010 0.1520 0.2090 0.2680 0.3300
0.3930 0.4550 0.5180 0.5800 0.6410
0.7000 0.7580 0.8150 0.8690 0.9210
0.9720 1.0210 1.0670 1.4390 1.6750
1.8270 1.9270 1.9930 2.0370 2.0660
2.0840 2.0950 2.1010 2.1020 2.1010
2.0970 2.0910 2.0840 2.0760 2.0670
2.0580



0.0020 0.0050 0.0090 0.0140 0.0200
0.0260 0.0320 0.0400 0.0470 0.0550
0.1010 0.1520 0.2090 0.2680 0.3300
0.3930 0.4550 0.5180 0.5800 0.6410
0.7000 0.7580 0.8150 0.8690 0.9210
0.9720 1.0210 1.0670 1.4390 1.6750
1.8270 1.9270 1.9930 2.0370 2.0660
2.0840 2.0950 2.1010 2.1020 2.1010
2.0970 2.0910 2.0840 2.0760 2.0670
2.0580

0.0007 0.0030 0.0060 0.0100 0.0150
0.0220 0.0300 0.0380 0.0480 0.0580
0.1250 0.2110 0.3110 0.4220 0.5390
0.6580 0.7770 0.8920 1.0030 1.1090
1.2080 1.3010 1.3870 1.4670 1.5400
1.6080 1.6700 1.7270 2.0910 2.2500
2.3230 2.3560 2.3680 2.3690 2.3640
2.3550 2.3430 2.3300 2.3150 2.3000
2.2850 2.2690 2.2530 2.2380 2.2220
2.2060


0.0120 0.0200 0.0260 0.0320 0.0370
0.0420 0.0470 0.0510 0.0550 0.0600
0.0790 0.0960 0.1110 0.1260 0.1400
0.1530 0.1660 0.1780 0.1900 0.2020
0.2130 0.2240 0.2340 0.2450 0.2550
0.2650 0.2740 0.2840 0.3710 0.4480
0.5180 0.5820 0.6420 0.6980 0.7510
0.8010 0.8490 0.8940 0.9380 0.9800
1.0200 1.0580 1.0960 1.1320 1.1660
1.2000



13.9590	14.2290	14.3790	14.4790	14.5510	
14.6060	14.6490	14.6820	14.7090	14.7300	
14.7830	14.7830	14.7550	14.7100	14.6530	
14.5880	14.5180	14.4430	14.3660	14.2860	
14.2040	14.1210	14.0380	13.9540	13.8700	
13.7850	13.7010	13.6170	12.8080	12.0730	
11.4160	10.8290	10.3030	9.8310	9.4050	
9.0190	8.6680	8.3470	8.0520	7.7810	
7.5300	7.2980	7.0820	6.8810	6.6930	
6.5160	


0.0006 0.0030 0.0070 0.0130 0.0200 
0.0300 0.0420 0.0570 0.0730 0.0920 
0.2230 0.4160 0.6730 0.9920 1.3710 
1.8070 2.2930 2.8220 3.3880 3.9810 
4.5930 5.2160 5.8430 6.4650 7.0770 
7.6740 8.2510 8.8050 12.8360 14.6580
15.3610 15.5730 15.5670 15.4640 15.3170
15.1520 14.9820 14.8110 14.6440 14.4820
14.3250 14.1740 14.0280 13.8860 13.7500
13.6190

10.6220	10.1890	9.9440	9.7740	9.6440	
9.5390	9.4520	9.3760	9.3100	9.2510	
9.0290	8.8750	8.7570	8.6610	8.5820	
8.5130	8.4530	8.4000	8.3520	8.3080	
8.2690	8.2320	8.1980	8.1660	8.1370	
8.1090	8.0820	8.0580	7.8640	7.7290	
7.6270	7.5440	7.4740	7.4150	7.3620	
7.3160	7.2740	7.2360	7.2020	7.1700	
7.1400	7.1120	7.0870	7.0620	7.0400	
7.0180	

0.2020 0.2570 0.2960 0.3260 0.3520
0.3740 0.3940 0.4120 0.4280 0.4420
0.5020 0.5450 0.5790 0.6060 0.6290
0.6470 0.6630 0.6760 0.6870 0.6970
0.7050 0.7120 0.7180 0.7240 0.7280
0.7320 0.7360 0.7390 0.7540 0.7570
0.7550 0.7510 0.7470 0.7430 0.7380
0.7340 0.7300 0.7260 0.7220 0.7180
0.7140 0.7100 0.7070 0.7030 0.6990
0.6960



0.0660	0.1100	0.1480	0.1830	0.2160	
0.2460	0.2750	0.3030	0.3300	0.3550	
0.4710	0.5690	0.6530	0.7260	0.7890	
0.8420	0.8880	0.9270	0.9610	0.9890	
1.0120	1.0310	1.0480	1.0610	1.0710	
1.0790	1.0860	1.0910	1.0850	1.0430	
0.9980	0.9570	0.9200	0.8890	0.8610	
0.8370	0.8160	0.7960	0.7790	0.7630	
0.7490	0.7350	0.7230	0.7120	0.7010	
0.6910	




0.2020	0.2570	0.2960	0.3260	0.3520	
0.3740	0.3940	0.4120	0.4280	0.4420	
0.5020	0.5450	0.5790	0.6060	0.6290	
0.6470	0.6630	0.6760	0.6870	0.6970	
0.7050	0.7120	0.7180	0.7240	0.7280	
0.7320	0.7360	0.7390	0.7540	0.7570	
0.7550	0.7510	0.7470	0.7430	0.7380	
0.7340	0.7300	0.7260	0.7220	0.7180	
0.7140	0.7100	0.7070	0.7030	0.6990	
0.6960	




0.0200	0.0450	0.0710	0.0970	0.1230	
0.1480	0.1730	0.1960	0.2180	0.2380	
0.3220	0.3790	0.4170	0.4430	0.4600	
0.4720	0.4810	0.4870	0.4910	0.4950	
0.4970	0.4980	0.4990	0.5000	0.5000	
0.5000	0.5000	0.5000	0.4950	0.4890	
0.4830	0.4780	0.4720	0.4670	0.4620	
0.4580	0.4530	0.4490	0.4450	0.4410	
0.4370	0.4340	0.4300	0.4260	0.4230	
0.4200	




0.0001	0.0003	0.0006	0.0010	0.0010	
0.0020	0.0020	0.0030	0.0040	0.0040	
0.0080	0.0130	0.0190	0.0250	0.0320	
0.0400	0.0480	0.0560	0.0650	0.0750	
0.0850	0.0950	0.1050	0.1160	0.1270	
0.1380	0.1490	0.1600	0.2730	0.3700	
0.4410	0.4890	0.5170	0.5310	0.5370	
0.5370	0.5340	0.5280	0.5210	0.5140	
0.5060	0.4980	0.4900	0.4820	0.4740	
0.4670	




0.0200	0.0450	0.0710	0.0970	0.1230	
0.1480	0.1730	0.1960	0.2180	0.2380	
0.3220	0.3790	0.4170	0.4430	0.4600	
0.4720	0.4810	0.4870	0.4910	0.4950	
0.4970	0.4980	0.4990	0.5000	0.5000	
0.5000	0.5000	0.5000	0.4950	0.4890	
0.4830	0.4780	0.4720	0.4670	0.4620	
0.4580	0.4530	0.4490	0.4450	0.4410	
0.4370	0.4340	0.4300	0.4260	0.4230	
0.4200	




0.0070	0.0130	0.0200	0.0270	0.0340	
0.0410	0.0480	0.0540	0.0610	0.0680	
0.1000	0.1300	0.1570	0.1810	0.2010	
0.2190	0.2330	0.2440	0.2530	0.2590	
0.2640	0.2670	0.2690	0.2700	0.2700	
0.2690	0.2680	0.2660	0.2370	0.2090	
0.1860	0.1690	0.1560	0.1450	0.1370	
0.1300	0.1240	0.1180	0.1140	0.1100	
0.1060	0.1030	0.1000	0.0980	0.0950	
0.0930	




0.0100	0.0200	0.0310	0.0420	0.0530	
0.0640	0.0750	0.0860	0.0970	0.1090	
0.1630	0.2150	0.2630	0.3050	0.3430	
0.3750	0.4020	0.4240	0.4420	0.4570	
0.4680	0.4760	0.4810	0.4850	0.4870	
0.4880	0.4870	0.4860	0.4470	0.4040	
0.3680	0.3400	0.3170	0.2990	0.2850	
0.2720	0.2610	0.2520	0.2440	0.2370	
0.2310	0.2250	0.2200	0.2150	0.2100	
0.2060	




0.0070	0.0130	0.0200	0.0270	0.0340	
0.0410	0.0480	0.0540	0.0610	0.0680	
0.1000	0.1300	0.1570	0.1810	0.2010	
0.2190	0.2330	0.2440	0.2530	0.2590	
0.2640	0.2670	0.2690	0.2700	0.2700	
0.2690	0.2680	0.2660	0.2370	0.2090	
0.1860	0.1690	0.1560	0.1450	0.1370	
0.1300	0.1240	0.1180	0.1140	0.1100	
0.1060	0.1030	0.1000	0.0980	0.0950	
0.0930	




0.0001	0.0003	0.0007	0.0013	0.0020	
0.0030	0.0040	0.0060	0.0070	0.0090	
0.0190	0.0310	0.0430	0.0530	0.0620	
0.0690	0.0740	0.0790	0.0830	0.0860	
0.0880	0.0900	0.0920	0.0930	0.0940	
0.0950	0.0960	0.0970	0.1000	0.1000	
0.1000	0.0990	0.0980	0.0970	0.0970	
0.0960	0.0950	0.0940	0.0940	0.0930	
0.0920	0.0910	0.0910	0.0900	0.0890	
0.0890	




1.0e-6	5.0e-6	1.5e-5	3.0e-5	5.3e-5	
8.3e-5	1.2e-4	1.7e-4	0.0002	0.0003	
0.0008	0.0020	0.0030	0.0050	0.0070	
0.0090	0.0120	0.0150	0.0180	0.0220	
0.0250	0.0290	0.0330	0.0370	0.0400	
0.0440	0.0480	0.0510	0.0750	0.0860	
0.0910	0.0940	0.0950	0.0950	0.0950	
0.0950	0.0940	0.0940	0.0930	0.0920	
0.0920	0.0910	0.0900	0.0900	0.0890	
0.0880	




6.7e-5	0.0003	0.0007	0.0010	0.0020	
0.0030	0.0040	0.0060	0.0070	0.0090	
0.0190	0.0310	0.0430	0.0530	0.0620	
0.0690	0.0740	0.0790	0.0830	0.0860	
0.0880	0.0900	0.0920	0.0930	0.0940	
0.0950	0.0960	0.0970	0.1000	0.1000	
0.1000	0.0990	0.0980	0.0970	0.0970	
0.0960	0.0950	0.0940	0.0940	0.0930	
0.0920	0.0910	0.0910	0.0900	0.0890	
0.0890	




168.4220 106.1550 81.0370 66.9090 57.6710
51.0770 46.0940 42.1730 38.9910 36.3490
27.7480 22.9110 19.7470 17.4900 15.7830
14.4410 13.3510 12.4470 11.6810 11.0240
10.4520 9.9480 9.5020 9.1020 8.7420
8.4150 8.1180 7.8450 5.9890 4.9450
4.2620 3.7750 3.4060 3.1170 2.8820
2.6860 2.5210 2.3790 2.2560 2.1470
2.0510 1.9640 1.8870 1.8160 1.7520
1.6930
