# Cross section for O
# Energy in eV
# Cross section in cm2
# Total Cross Section
# Process 0 : O + ph -> 1. x O+(4S) 
# Process 1 : O + ph -> 1. x O+(2D) 
# Process 2 : O + ph -> 1. x O+(2P) 
# Process 3 : O + ph -> 1. x O+(4P*) 
# Process 4 : O + ph -> 1. x O+(2P*) 
# Process 5 : O + ph -> 1. x O+(ABS*) 
# Process 6 : O + ph -> 1. x O++(X) 
# Process 7 : O + ph -> .9931 x O++(X-KSHELL) 0.0069 x O+(X) 0.0069 x Fluo-auger(X) 
5.329145440e+02	2.325197415e-19	7.816021736e-21	1.153793685e-20	7.071638713e-21	7.443830224e-21	3.349723601e-21	3.721915112e-20	2.541436334e-21	0.000000000e+00	
3.306245335e+02	1.184904605e-19	2.324318749e-20	3.431137202e-20	2.102955059e-20	2.213636904e-20	9.961366069e-21	1.106818452e-19	7.981661443e-21	0.000000000e+00	
1.859763000e+02	5.317075885e-19	9.694151029e-20	1.431041342e-19	8.770898550e-20	9.232524789e-20	4.154636155e-20	4.616262395e-19	7.269923103e-20	0.000000000e+00	
1.033201667e+02	1.750001571e-18	3.276004351e-19	4.836005626e-19	2.964003374e-19	3.120002222e-19	1.404000458e-19	1.560001603e-18	1.900000215e-19	0.000000000e+00	
7.232411665e+01	3.210000381e-18	7.320001040e-19	1.006500149e-18	6.100000782e-19	5.185000463e-19	1.830000134e-19	3.050000391e-18	2.099999797e-19	0.000000000e+00	
5.579289000e+01	5.090000000e-18	1.245000000e-18	1.743000000e-18	9.960000000e-19	7.470000000e-19	2.490000000e-19	4.980000000e-18	1.100000000e-19	0.000000000e+00	
4.898915955e+01	6.459999700e-18	1.744199875e-18	2.648599788e-18	1.356599937e-18	5.814000616e-19	1.292000383e-19	6.459999700e-18	0.000000000e+00	0.000000000e+00	
4.837963910e+01	6.053335337e-18	1.574392706e-18	2.361851819e-18	1.271200421e-18	6.648158493e-19	1.810745412e-19	6.053335337e-18	0.000000000e+00	0.000000000e+00	
4.600400090e+01	6.459999844e-18	1.744199935e-18	2.648599890e-18	1.356599967e-18	5.814000319e-19	1.292000199e-19	6.459999844e-18	0.000000000e+00	0.000000000e+00	
4.248571470e+01	6.465358195e-18	1.745646713e-18	2.650796860e-18	1.357725221e-18	5.818822375e-19	1.293071639e-19	6.465358195e-18	0.000000000e+00	0.000000000e+00	
4.110756160e+01	8.429997696e-18	2.276099378e-18	3.540598957e-18	1.938899319e-18	5.900999898e-19	8.430005251e-20	8.429997696e-18	0.000000000e+00	0.000000000e+00	
4.088205650e+01	7.696257592e-18	2.077989550e-18	3.232428189e-18	1.695004024e-18	5.387380315e-19	1.520977985e-19	7.696257592e-18	0.000000000e+00	0.000000000e+00	
4.085043455e+01	8.311333781e-18	2.244060121e-18	3.490760188e-18	1.899455349e-18	5.817933647e-19	9.526475862e-20	8.311333781e-18	0.000000000e+00	0.000000000e+00	
4.081881260e+01	7.815493295e-18	2.110183190e-18	3.282507184e-18	1.732745627e-18	5.470845307e-19	1.429727634e-19	7.815493295e-18	0.000000000e+00	0.000000000e+00	
3.811893485e+01	8.428646777e-18	2.275734630e-18	3.540031646e-18	1.938446021e-18	5.900052744e-19	0.000000000e+00	8.428646777e-18	0.000000000e+00	0.000000000e+00	
3.455950415e+01	1.068999736e-17	2.993199163e-18	4.703598642e-18	2.458699393e-18	5.345000649e-19	0.000000000e+00	1.068999736e-17	0.000000000e+00	0.000000000e+00	
3.368995120e+01	9.844860808e-18	2.756561026e-18	4.331738756e-18	2.264317986e-18	4.922430404e-19	0.000000000e+00	9.844860808e-18	0.000000000e+00	0.000000000e+00	
3.234050060e+01	1.068685019e-17	2.992318053e-18	4.702214084e-18	2.457975544e-18	5.343425095e-19	0.000000000e+00	1.068685019e-17	0.000000000e+00	0.000000000e+00	
2.927404720e+01	1.150000077e-17	3.335000535e-18	5.175000659e-18	2.645000022e-18	3.449995561e-19	0.000000000e+00	1.150000077e-17	0.000000000e+00	0.000000000e+00	
2.710635215e+01	1.209763116e-17	3.749357602e-18	5.684978587e-18	2.661932883e-18	0.000000000e+00	0.000000000e+00	1.209763116e-17	0.000000000e+00	0.000000000e+00	
2.665565990e+01	1.193811787e-17	3.700816539e-18	5.610915398e-18	2.626385931e-18	0.000000000e+00	0.000000000e+00	1.193811787e-17	0.000000000e+00	0.000000000e+00	
2.572374995e+01	1.209749787e-17	3.750224340e-18	5.685823999e-18	2.661449531e-18	0.000000000e+00	0.000000000e+00	1.209749787e-17	0.000000000e+00	0.000000000e+00	
2.366971090e+01	1.206000002e-17	3.738600005e-18	5.788799955e-18	2.532600057e-18	0.000000000e+00	0.000000000e+00	1.206000002e-17	0.000000000e+00	0.000000000e+00	
2.245873225e+01	1.299999825e-17	4.419998734e-18	6.239999162e-18	2.340000358e-18	0.000000000e+00	0.000000000e+00	1.299999825e-17	0.000000000e+00	0.000000000e+00	
2.236988270e+01	1.262132211e-17	4.171965982e-18	6.058234613e-18	2.391121515e-18	0.000000000e+00	0.000000000e+00	1.262132211e-17	0.000000000e+00	0.000000000e+00	
2.179653210e+01	1.299651026e-17	4.417714223e-18	6.238324927e-18	2.340471114e-18	0.000000000e+00	0.000000000e+00	1.299651026e-17	0.000000000e+00	0.000000000e+00	
2.122318150e+01	1.309912767e-17	4.583560657e-18	6.157724033e-18	2.357842981e-18	0.000000000e+00	0.000000000e+00	1.309912767e-17	0.000000000e+00	0.000000000e+00	
2.094110740e+01	1.300177169e-17	4.422923285e-18	6.238529499e-18	2.340318904e-18	0.000000000e+00	0.000000000e+00	1.300177169e-17	0.000000000e+00	0.000000000e+00	
2.049865600e+01	1.335146848e-17	4.940043338e-18	6.141675502e-18	2.136234957e-18	0.000000000e+00	0.000000000e+00	1.335146848e-17	0.000000000e+00	0.000000000e+00	
2.001587420e+01	1.335077606e-17	4.939787143e-18	6.141356988e-18	2.136124170e-18	0.000000000e+00	0.000000000e+00	1.335077606e-17	0.000000000e+00	0.000000000e+00	
1.969346970e+01	1.339922461e-17	4.957713107e-18	6.163643322e-18	2.143875938e-18	0.000000000e+00	0.000000000e+00	1.339922461e-17	0.000000000e+00	0.000000000e+00	
1.938148100e+01	1.335080147e-17	4.939796543e-18	6.141368675e-18	2.136128235e-18	0.000000000e+00	0.000000000e+00	1.335080147e-17	0.000000000e+00	0.000000000e+00	
1.839326045e+01	1.724999822e-17	5.347499813e-18	1.138499760e-17	0.000000000e+00	0.000000000e+00	0.000000000e+00	1.724999822e-17	0.000000000e+00	0.000000000e+00	
1.767534935e+01	1.074570194e-17	3.653085394e-18	7.092163277e-18	0.000000000e+00	0.000000000e+00	0.000000000e+00	1.074570194e-17	0.000000000e+00	0.000000000e+00	
1.763367015e+01	1.139957476e-17	3.576443192e-18	7.823131565e-18	0.000000000e+00	0.000000000e+00	0.000000000e+00	1.139957476e-17	0.000000000e+00	0.000000000e+00	
1.707994845e+01	1.074773390e-17	3.650718742e-18	7.097015161e-18	0.000000000e+00	0.000000000e+00	0.000000000e+00	1.074773390e-17	0.000000000e+00	0.000000000e+00	
1.637256720e+01	5.099981738e-18	5.099981738e-18	0.000000000e+00	0.000000000e+00	0.000000000e+00	0.000000000e+00	5.099981738e-18	0.000000000e+00	0.000000000e+00	
1.620890770e+01	4.032594984e-18	4.032594984e-18	0.000000000e+00	0.000000000e+00	0.000000000e+00	0.000000000e+00	4.032594984e-18	0.000000000e+00	0.000000000e+00	
1.615359135e+01	5.000551609e-18	5.000551609e-18	0.000000000e+00	0.000000000e+00	0.000000000e+00	0.000000000e+00	5.000551609e-18	0.000000000e+00	0.000000000e+00	
1.609827500e+01	4.008371000e-18	4.008371000e-18	0.000000000e+00	0.000000000e+00	0.000000000e+00	0.000000000e+00	4.008371000e-18	0.000000000e+00	0.000000000e+00	
1.590510105e+01	5.068934362e-18	5.068934362e-18	0.000000000e+00	0.000000000e+00	0.000000000e+00	0.000000000e+00	5.068934362e-18	0.000000000e+00	0.000000000e+00	
1.571192710e+01	3.784923047e-18	3.784923047e-18	0.000000000e+00	0.000000000e+00	0.000000000e+00	0.000000000e+00	3.784923047e-18	0.000000000e+00	0.000000000e+00	
1.560247605e+01	5.038376725e-18	5.038376725e-18	0.000000000e+00	0.000000000e+00	0.000000000e+00	0.000000000e+00	5.038376725e-18	0.000000000e+00	0.000000000e+00	
1.504220075e+01	3.500002161e-18	3.500002161e-18	0.000000000e+00	0.000000000e+00	0.000000000e+00	0.000000000e+00	3.500002161e-18	0.000000000e+00	0.000000000e+00	
1.418119935e+01	4.549997265e-18	4.549997265e-18	0.000000000e+00	0.000000000e+00	0.000000000e+00	0.000000000e+00	4.549997265e-18	0.000000000e+00	0.000000000e+00	
1.341349530e+01	1.319980225e-18	0.000000000e+00	0.000000000e+00	0.000000000e+00	0.000000000e+00	0.000000000e+00	0.000000000e+00	0.000000000e+00	0.000000000e+00	
1.287550275e+01	0.000000000e+00	0.000000000e+00	0.000000000e+00	0.000000000e+00	0.000000000e+00	0.000000000e+00	0.000000000e+00	0.000000000e+00	0.000000000e+00	
1.269503710e+01	0.000000000e+00	0.000000000e+00	0.000000000e+00	0.000000000e+00	0.000000000e+00	0.000000000e+00	0.000000000e+00	0.000000000e+00	0.000000000e+00	
1.254422855e+01	0.000000000e+00	0.000000000e+00	0.000000000e+00	0.000000000e+00	0.000000000e+00	0.000000000e+00	0.000000000e+00	0.000000000e+00	0.000000000e+00	
1.224797440e+01	0.000000000e+00	0.000000000e+00	0.000000000e+00	0.000000000e+00	0.000000000e+00	0.000000000e+00	0.000000000e+00	0.000000000e+00	0.000000000e+00	
1.209252880e+01	0.000000000e+00	0.000000000e+00	0.000000000e+00	0.000000000e+00	0.000000000e+00	0.000000000e+00	0.000000000e+00	0.000000000e+00	0.000000000e+00	
1.205627475e+01	0.000000000e+00	0.000000000e+00	0.000000000e+00	0.000000000e+00	0.000000000e+00	0.000000000e+00	0.000000000e+00	0.000000000e+00	0.000000000e+00	
1.202002070e+01	0.000000000e+00	0.000000000e+00	0.000000000e+00	0.000000000e+00	0.000000000e+00	0.000000000e+00	0.000000000e+00	0.000000000e+00	0.000000000e+00	
1.191151990e+01	0.000000000e+00	0.000000000e+00	0.000000000e+00	0.000000000e+00	0.000000000e+00	0.000000000e+00	0.000000000e+00	0.000000000e+00	0.000000000e+00	
#	AeroPlanets 1.3, 2009-2024
#	Copyright G Gronoff 2009
#	Report bugs : guillaume.gronoff@gmail.com
#
#	Launched :Tue Sep 24 00:41:10 2024
# Planet:Anonymous
# Photoionization used, SZA = 45
# Electron impact ionization used
# Electron impact ionization error: 0.331248% (>0 : gain)

