# Cross section for CO
# Energy in eV
# Cross section in cm2
# Elastic Cross Section
# Process 0 : CO+e -> CO(vib)
# Process 1 : CO+e -> exc
# Process 2 : CO+e ->CO(A1Pi)
# Process 3 : CO+e -> CO(a3Pi)
# Process 4 : CO+e -> C+O(3S)
# Process 5 : CO + e -> O(1S) + C + e
# Process 6 : CO + e -> CO+ + e
# Process 7 : CO + e -> O+
# Process 8 : CO + e -> C+
# Process 9 : CO+e -> CO++ 
# Process 10 : CO + e -> C++
# Process 11 : CO + e -> O++
# Process 12 : CO + e -> .9952 x CO++(X-KSHELL) 0.0048 x CO+(X) 0.0048 x Fluo-auger(X-O) 
1.600000000e+03	8.244455678e-17	0.000000000e+00	2.189002903e-18	6.086281587e-19	1.373935048e-19	1.256933949e-19	1.179221178e-19	4.909265739e-17	5.762300880e-18	6.488012331e-18	2.040954016e-19	3.622004920e-19	8.642025331e-20	2.563542931e-19	
1.406414536e+03	8.965330440e-17	0.000000000e+00	3.205298978e-18	6.609536926e-19	1.573198358e-19	1.403060566e-19	1.289998997e-19	5.388104932e-17	6.405259650e-18	7.215010848e-18	2.255094015e-19	3.941765179e-19	9.503681256e-20	2.679562822e-19	
1.236114969e+03	9.749934851e-17	0.000000000e+00	4.694963687e-18	7.162011186e-19	1.801569465e-19	1.565746698e-19	1.411050948e-19	5.906211506e-17	7.116683253e-18	8.019944175e-18	2.484474176e-19	4.291314259e-19	1.045633954e-19	2.740815079e-19	
1.086396938e+03	1.060345579e-16	0.000000000e+00	6.877693331e-18	7.741428733e-19	2.063170824e-19	1.746682377e-19	1.543145226e-19	6.464971672e-17	7.902790436e-18	8.909988165e-18	2.740451790e-19	4.673410709e-19	1.150968332e-19	2.772556777e-19	
9.547730637e+02	1.153200637e-16	0.000000000e+00	1.007643088e-17	8.344723503e-19	2.362861741e-19	1.947819572e-19	1.687132681e-19	7.085005652e-17	8.796663894e-18	9.918988260e-18	2.970382601e-19	5.091267616e-19	1.267491468e-19	2.762616062e-19	
8.390565790e+02	1.248138872e-16	0.000000000e+00	1.483778050e-17	8.967461772e-19	2.706219382e-19	2.171304197e-19	1.843859191e-19	7.781645111e-17	9.935210306e-18	1.101762163e-17	3.158336476e-19	5.548339851e-19	1.396413167e-19	2.693947755e-19	
7.373249979e+02	1.341792436e-16	0.000000000e+00	1.940733957e-17	9.647736589e-19	3.099647023e-19	2.419493039e-19	2.014130122e-19	8.450454600e-17	1.105726845e-17	1.208355918e-17	3.333374431e-19	6.048244083e-19	1.538995982e-19	2.595641425e-19	
6.478881762e+02	1.441285143e-16	0.000000000e+00	2.484671472e-17	1.018699118e-18	3.550499307e-19	2.694971796e-19	2.198658138e-19	9.189739124e-17	1.217185263e-17	1.348000437e-17	3.739677240e-19	6.594582701e-19	1.696473118e-19	2.399613856e-19	
5.692602321e+02	1.544597311e-16	0.000000000e+00	3.225716991e-17	1.089673401e-18	4.067227349e-19	3.000574198e-19	2.397988375e-19	9.964060569e-17	1.326058611e-17	1.510600238e-17	4.317497972e-19	7.190595472e-19	1.869883703e-19	2.129882027e-19	
5.001348599e+02	1.649787931e-16	0.000000000e+00	4.098085797e-17	1.177811099e-18	4.659547127e-19	3.339402236e-19	2.612393530e-19	1.069851546e-16	1.429789894e-17	1.669673829e-17	4.898792645e-19	7.838507025e-19	2.059759968e-19	1.771650652e-19	
4.393636273e+02	1.797362356e-16	0.000000000e+00	4.511219192e-17	1.290416042e-18	5.338635213e-19	3.714847425e-19	2.841729981e-19	1.158595906e-16	1.616275374e-17	1.851638883e-17	6.695604399e-19	8.538345259e-19	2.265554881e-19	1.363175177e-19	
3.859368955e+02	1.940816323e-16	0.000000000e+00	5.110911375e-17	1.431992982e-18	6.117356752e-19	4.130613061e-19	3.085245351e-19	1.246325344e-16	1.802577453e-17	2.039031292e-17	8.295010959e-19	9.285857708e-19	2.484629651e-19	0.000000000e+00	
3.389670457e+02	2.083602271e-16	0.000000000e+00	6.302826106e-17	1.591269053e-18	7.010531569e-19	4.590737360e-19	3.341328783e-19	1.338437051e-16	1.989902293e-17	2.249246824e-17	8.620392301e-19	1.006894003e-18	2.710537872e-19	0.000000000e+00	
2.976737322e+02	2.222198655e-16	0.000000000e+00	7.573409362e-17	1.765126805e-18	8.052268028e-19	5.017437204e-19	3.607199478e-19	1.425369768e-16	2.172697486e-17	2.457294304e-17	8.927055553e-19	1.086175606e-18	2.930312415e-19	0.000000000e+00	
2.613709177e+02	2.421529381e-16	0.000000000e+00	8.816694092e-17	1.953327868e-18	9.426573627e-19	5.713165363e-19	3.878539178e-19	1.511848355e-16	2.380803189e-17	2.743626481e-17	9.360090006e-19	1.161570161e-18	3.120708512e-19	0.000000000e+00	
2.294554761e+02	2.611487120e-16	0.000000000e+00	1.007724824e-16	2.147556711e-18	1.167539676e-18	6.340097737e-19	4.149093758e-19	1.599951137e-16	2.565245793e-17	2.971218773e-17	9.859970163e-19	1.224727238e-18	3.244431198e-19	0.000000000e+00	
2.013971717e+02	2.790758250e-16	0.000000000e+00	1.133350353e-16	2.343642378e-18	1.515903688e-18	6.807029056e-19	4.410300949e-19	1.685616370e-16	2.731448054e-17	3.160277484e-17	1.037372881e-18	1.262642540e-18	3.250060163e-19	0.000000000e+00	
1.767298508e+02	3.022506783e-16	0.000000000e+00	1.346399396e-16	2.541432101e-18	2.014885029e-18	7.225094281e-19	4.651046282e-19	1.749305060e-16	2.915063087e-17	3.354622070e-17	1.162040969e-18	1.257745446e-18	3.083114253e-19	0.000000000e+00	
1.550436963e+02	3.245756902e-16	0.000000000e+00	1.572257313e-16	2.741643120e-18	2.881666312e-18	7.593967741e-19	4.857700836e-19	1.806445205e-16	3.088264240e-17	3.536343849e-17	1.288633405e-18	1.191586388e-18	2.714348594e-19	0.000000000e+00	
1.359784197e+02	3.530896947e-16	0.000000000e+00	1.761609911e-16	2.946057127e-18	4.380218233e-18	7.779939936e-19	5.014632459e-19	1.858934850e-16	3.146790648e-17	3.701772319e-17	1.197756235e-18	1.054084396e-18	2.174116411e-19	0.000000000e+00	
1.192172751e+02	3.828200975e-16	0.000000000e+00	1.932949841e-16	3.156190323e-18	6.448620706e-18	7.963328492e-19	5.105369521e-19	1.901449655e-16	3.143668687e-17	3.790709973e-17	1.112305123e-18	8.550338054e-19	1.557760203e-19	0.000000000e+00	
1.044817969e+02	4.110183761e-16	0.000000000e+00	2.097295677e-16	3.383210266e-18	7.998561145e-18	7.959765712e-19	5.114486754e-19	1.930940093e-16	3.102433951e-17	3.767139771e-17	1.118200677e-18	6.267608240e-19	9.821748917e-20	0.000000000e+00	
9.152717330e+01	4.368851362e-16	0.000000000e+00	2.418212363e-16	3.627044546e-18	1.023089830e-17	7.783389111e-19	5.030050942e-19	1.940000000e-16	2.996542027e-17	3.743047450e-17	1.270745770e-18	4.104222374e-19	5.295736570e-20	0.000000000e+00	
8.013817938e+01	4.695718357e-16	0.000000000e+00	2.716378723e-16	3.891622745e-18	1.242096477e-17	7.444940175e-19	4.846153534e-19	1.940000000e-16	2.782669984e-17	3.513079686e-17	9.739327813e-19	2.363673899e-19	2.266749005e-20	0.000000000e+00	
7.012560113e+01	5.094770668e-16	0.000000000e+00	2.897666910e-16	4.183200010e-18	1.389941320e-17	6.987460733e-19	4.564809605e-19	1.930125281e-16	2.503335683e-17	3.332202562e-17	7.524269795e-19	1.154026706e-19	6.023922633e-21	0.000000000e+00	
6.132309196e+01	5.445326668e-16	0.000000000e+00	3.209916235e-16	4.500839329e-18	1.695586354e-17	6.383585072e-19	4.196509613e-19	1.860391342e-16	2.050988327e-17	2.935856428e-17	5.730394872e-19	4.319558859e-20	1.390907222e-22	0.000000000e+00	
5.358440910e+01	5.815757430e-16	0.000000000e+00	3.584703973e-16	4.842489170e-18	1.859978014e-17	5.655071926e-19	3.759072696e-19	1.785206859e-16	1.529242891e-17	2.630068690e-17	2.286262252e-19	8.729011429e-21	0.000000000e+00	0.000000000e+00	
4.678098394e+01	6.246677272e-16	4.940656458e-324	3.886267255e-16	5.204675814e-18	2.043297652e-17	4.795296018e-19	3.275045568e-19	1.686439745e-16	1.033903115e-17	2.212301445e-17	4.958522165e-27	0.000000000e+00	0.000000000e+00	0.000000000e+00	
4.079978601e+01	6.732269034e-16	1.417667026e-305	4.091716950e-16	5.578875508e-18	2.304179876e-17	3.630059735e-19	2.768409325e-19	1.574405529e-16	6.566716375e-18	1.762739323e-17	0.000000000e+00	0.000000000e+00	0.000000000e+00	0.000000000e+00	
3.554144513e+01	7.228954971e-16	1.177824022e-286	4.242568125e-16	5.954587490e-18	3.169717944e-17	1.995824072e-19	2.261518572e-19	1.398443714e-16	4.005481840e-18	1.228369138e-17	0.000000000e+00	0.000000000e+00	0.000000000e+00	0.000000000e+00	
3.091860047e+01	7.702311142e-16	1.505366537e-267	4.373504428e-16	6.400915829e-18	4.417978774e-17	1.197333215e-19	1.772963275e-19	1.189172963e-16	1.172646137e-18	6.158477262e-18	0.000000000e+00	0.000000000e+00	0.000000000e+00	0.000000000e+00	
2.685444922e+01	8.271495223e-16	3.173432119e-248	4.358686758e-16	6.799850565e-18	5.717188125e-17	7.788199401e-20	1.316612633e-19	8.721948642e-17	7.662760753e-34	2.398910534e-18	0.000000000e+00	0.000000000e+00	0.000000000e+00	0.000000000e+00	
2.328147054e+01	8.841725569e-16	1.198714633e-228	4.312230086e-16	6.973461420e-18	7.259792775e-17	2.322290564e-20	9.017346812e-20	6.170339844e-17	0.000000000e+00	7.355737629e-27	0.000000000e+00	0.000000000e+00	0.000000000e+00	0.000000000e+00	
2.014030381e+01	9.375424184e-16	8.958430598e-209	4.271797114e-16	6.933844190e-18	9.666627992e-17	3.678787786e-21	5.339761435e-20	4.415506453e-17	0.000000000e+00	0.000000000e+00	0.000000000e+00	0.000000000e+00	0.000000000e+00	0.000000000e+00	
1.737876246e+01	1.020740911e-15	1.492554156e-188	3.390366925e-16	6.603881251e-18	1.264777768e-16	0.000000000e+00	2.174872097e-20	1.539781869e-17	0.000000000e+00	0.000000000e+00	0.000000000e+00	0.000000000e+00	0.000000000e+00	0.000000000e+00	
1.495096690e+01	1.100323999e-15	6.409671386e-168	2.735723644e-16	6.100626690e-18	1.347254670e-16	0.000000000e+00	0.000000000e+00	5.884563350e-18	0.000000000e+00	0.000000000e+00	0.000000000e+00	0.000000000e+00	0.000000000e+00	0.000000000e+00	
1.281658231e+01	1.114520374e-15	8.478712062e-147	2.181097976e-16	5.314662418e-18	1.454248927e-16	0.000000000e+00	0.000000000e+00	0.000000000e+00	0.000000000e+00	0.000000000e+00	0.000000000e+00	0.000000000e+00	0.000000000e+00	0.000000000e+00	
1.094014855e+01	1.135798978e-15	4.310689835e-125	1.717203421e-16	3.937378397e-18	1.728158758e-16	0.000000000e+00	0.000000000e+00	0.000000000e+00	0.000000000e+00	0.000000000e+00	0.000000000e+00	0.000000000e+00	0.000000000e+00	0.000000000e+00	
9.290490991e+00	1.164154601e-15	1.113252941e-102	1.391957282e-16	2.077647175e-18	1.828947838e-16	0.000000000e+00	0.000000000e+00	0.000000000e+00	0.000000000e+00	0.000000000e+00	0.000000000e+00	0.000000000e+00	0.000000000e+00	0.000000000e+00	
7.840202622e+00	1.203173797e-15	2.087304090e-79	1.115401433e-16	2.620983433e-19	1.268308955e-16	0.000000000e+00	0.000000000e+00	0.000000000e+00	0.000000000e+00	0.000000000e+00	0.000000000e+00	0.000000000e+00	0.000000000e+00	0.000000000e+00	
6.565188700e+00	1.254161479e-15	4.530850126e-55	8.200892170e-17	0.000000000e+00	5.491825060e-17	0.000000000e+00	0.000000000e+00	0.000000000e+00	0.000000000e+00	0.000000000e+00	0.000000000e+00	0.000000000e+00	0.000000000e+00	0.000000000e+00	
5.444266450e+00	1.402382967e-15	7.822377026e-29	0.000000000e+00	0.000000000e+00	0.000000000e+00	0.000000000e+00	0.000000000e+00	0.000000000e+00	0.000000000e+00	0.000000000e+00	0.000000000e+00	0.000000000e+00	0.000000000e+00	0.000000000e+00	
4.458813141e+00	1.592038254e-15	1.289635716e-17	0.000000000e+00	0.000000000e+00	0.000000000e+00	0.000000000e+00	0.000000000e+00	0.000000000e+00	0.000000000e+00	0.000000000e+00	0.000000000e+00	0.000000000e+00	0.000000000e+00	0.000000000e+00	
3.592456687e+00	1.918889946e-15	2.545615461e-17	0.000000000e+00	0.000000000e+00	0.000000000e+00	0.000000000e+00	0.000000000e+00	0.000000000e+00	0.000000000e+00	0.000000000e+00	0.000000000e+00	0.000000000e+00	0.000000000e+00	0.000000000e+00	
2.830803650e+00	2.517493951e-15	7.524780980e-17	0.000000000e+00	0.000000000e+00	0.000000000e+00	0.000000000e+00	0.000000000e+00	0.000000000e+00	0.000000000e+00	0.000000000e+00	0.000000000e+00	0.000000000e+00	0.000000000e+00	0.000000000e+00	
2.161200111e+00	3.478437498e-15	3.793621212e-16	0.000000000e+00	0.000000000e+00	0.000000000e+00	0.000000000e+00	0.000000000e+00	0.000000000e+00	0.000000000e+00	0.000000000e+00	0.000000000e+00	0.000000000e+00	0.000000000e+00	0.000000000e+00	
1.572521437e+00	2.431339207e-15	2.215642964e-16	0.000000000e+00	0.000000000e+00	0.000000000e+00	0.000000000e+00	0.000000000e+00	0.000000000e+00	0.000000000e+00	0.000000000e+00	0.000000000e+00	0.000000000e+00	0.000000000e+00	0.000000000e+00	
1.054987462e+00	1.434218052e-15	7.210719565e-17	0.000000000e+00	0.000000000e+00	0.000000000e+00	0.000000000e+00	0.000000000e+00	0.000000000e+00	0.000000000e+00	0.000000000e+00	0.000000000e+00	0.000000000e+00	0.000000000e+00	0.000000000e+00	
6.000000000e-01	9.013606864e-16	0.000000000e+00	0.000000000e+00	0.000000000e+00	0.000000000e+00	0.000000000e+00	0.000000000e+00	0.000000000e+00	0.000000000e+00	0.000000000e+00	0.000000000e+00	0.000000000e+00	0.000000000e+00	0.000000000e+00	
2.000000000e-01	5.991527190e-16	0.000000000e+00	0.000000000e+00	0.000000000e+00	0.000000000e+00	0.000000000e+00	0.000000000e+00	0.000000000e+00	0.000000000e+00	0.000000000e+00	0.000000000e+00	0.000000000e+00	0.000000000e+00	0.000000000e+00	
#	AeroPlanets 1.3, 2009-2024
#	Copyright G Gronoff 2009
#	Report bugs : guillaume.gronoff@gmail.com
#
#	Launched :Tue Sep 24 00:41:10 2024
# Planet:Anonymous
# Photoionization used, SZA = 45
# Electron impact ionization used
# Electron impact ionization error: 0.331248% (>0 : gain)

