#in 10-17; 40% uncertainty
#E	H2O+	OH+	H+	O+	H2+	O++
20	2.8	0.30	0.07	0.010	0.016	0
25	4.6	0.85	0.30	0.027	0.020	0
30	6.1	1.46	0.70	0.055	0.024	0
35	7.5	2.0	1.4	0.10	0.027	0
40	8.2	2.4	2.0	0.14	0.030	0
45	9.0	2.8	2.6	0.18	0.032	0
60	10.6	3.6	3.8	0.28	0.036	0
80	12.0	4.1	4.6	0.36	0.038	0
100	12.9	4.3	4.8	0.39	0.038	0
120	12.9	4.3	4.8	0.41	0.038	0
150	12.9	4.0	4.8	0.40	0.036	0.006
200	11.6	3.6	4.3	0.38	0.032	0.014
250	10.2	3.2	3.9	0.33	0.028	0.015
300	8.9	2.9	3.4	0.30	0.026	0.016
500	6.2	1.9	2.4	0.20	0.018	0.013
1000	3.7	1.1	1.4	0.11	0.010	0.006
2000	2.1	0.6	0.8	0.06	0	0



	
