H2O itikawa 2005:

Elastic scattering:
  1 117
  2  61.8
  4  35.6
  6  28.1
 10  21.9
 20  15.0
 30  11.1
 40   8.5
 50   6.62
 60   5.37
 70   4.72
 80   4.13
 90   3.60
100   3.43


Rotational
       0 - 1  0-2    0-3   0-0
0.001                    48 153
0.002                    23 600
0.003                    15 411
0.004                    11 358 
0.005 1214                8952
0.006 1915                7365
0.007 2152                6241
0.008 2236                5405
0.009 2252   10.18        4760
0.01  2233   18.16        4248
0.012 2151   24.10        3486
0.015 1998   27.53        2735
0.017 1898   30.12        2385
0.02  1761   41.91 5.580  1997
0.022 1679   42.71 6.584  1798
0.025 1570   41.87 7.069  1562   
0.03  1417   38.88 7.011  1277
0.04  1191   32.65 6.909    926.3
0.05  1033   27.74 6.288    720.4
0.06   914.5 24.02 5.595    585.4
0.07   823.0 21.14 4.997    490.3
0.08   749.8 18.86 4.498    420.0 
0.09   689.7 17.01 4.083    365.8
0.1    639.5 15.49 3.734    323.0
0.12 560.0  13.14  3.183  259.6
0.15 474.5  10.70  2.603  197.5
0.17 431.8   9.526 2.320  168.9
0.2  381.6   8.184 1.995  137.3
0.22 354.6   7.486 1.824  121.2
0.25 321.2   6.644 1.618  102.3
0.3  278.6   5.613 1.362   79.74
0.4  221.8   4.334 1.040   52.71
0.5  185.4   3.582 0.8458  37.42
0.6  159.9   3.092 0.7168  27.81
0.7  140.9   2.750 0.6251  21.34
0.8  126.2   2.498 0.5566  16.77
0.9  114.5   2.305 0.5036  13.42
1    104.9   2.153 0.4613  10.90
1.2   90.04  1.929 0.3983   7.452
1.5   74.63  1.712 0.3362   4.507
1.7   67.15  1.614 0.3079   3.345
2     58.54  1.509 0.2775   2.262
2.2   54.02  1.458 0.2631   1.821
2.5   48.50  1.398 0.2475   1.432
3     41.60  1.326 0.2331   1.252
4     32.63  1.239 0.2287   1.828
5     27.02  1.204 0.2431   2.884


Vibrational
(100)+(001)
 0.453 0
 0.53  2.25
 0.58  2.32
 0.63  2.27
 0.8   0.6
 1     0.500
 2.1   0.320
 3     0.310
 4     0.385
 5     0.430
 6     0.489
 7     0.520
 7.5   0.529
 8     0.495
 8.875 0.413
10     0.325
15     0.190
20     0.080

(010)
 0.198 0
 0.3   1.71
 0.34  1.805
 0.39  1.748
 0.6   0.7885
 0.862 0.399
 1     0.370
 2     0.200
 2.2   0.190
 3     0.160
 4     0.150
 5     0.157
 6     0.163
 8     0.17
10     0.180
15     0.130
20     0.100

Ionization
  
eV	H2O+ 		OH+		O+	O++		H2+	H+		Total
13.5   0.025                                                                         0.025
  15     0.126                                                                         0.126
  17.5   0.272        0.0013                                                           0.274
  20     0.411        0.0145                                              0.0024       0.428
  22.5   0.549        0.0500                                              0.0091       0.609
  25     0.652        0.0855       0.22                                   0.0207       0.761
  30     0.815        0.160        0.37                      0.018        0.0433       1.02
  35     0.958        0.222        0.70                      0.039        0.0759       1.26
  40     1.05         0.264        1.32                      0.057        0.110        1.43
  45     1.12         0.300        2.07                      0.070        0.145        1.59
  50     1.18         0.329        2.75                      0.065        0.178        1.72
  60     1.24         0.364        3.94                      0.066        0.235        1.88
  70     1.27         0.389        4.84                      0.069        0.279        1.99
  80     1.31         0.409        5.94                      0.063        0.317        2.09
  90     1.31         0.412        6.66         0.008        0.078        0.343        2.13
 100     1.31         0.418        6.95         0.019        0.075        0.360        2.16
 110     1.29         0.415        7.38         0.046        0.073        0.370        2.15
 125     1.27         0.412        7.63         0.069        0.064        0.375        2.13
 150     1.21         0.393        7.52         0.116        0.077        0.371        2.05
 175     1.16         0.381        7.31         0.178        0.071        0.366        1.99
 200     1.12         0.363        7.07         0.179        0.054        0.351        1.90
 250     1.01         0.334        6.34         0.195        0.050        0.316        1.73
 300     0.921        0.311        5.51         0.179        0.045        0.284        1.57
 400     0.789        0.266        4.34         0.134        0.040        0.237        1.34
 500     0.696        0.230        3.73         0.105        0.032        0.198        1.16
 600     0.618        0.203        3.13         0.096        0.029        0.172        1.02
 700     0.555        0.185        2.71         0.080        0.033        0.149        0.917
 800     0.502        0.169        2.40         0.080        0.022        0.135        0.830
 900     0.465        0.156        2.20         0.060        0.032        0.120        0.763
1000     0.432        0.143        1.94         0.066        0.024        0.109        0.705



OH (A-X)


 9   0
10   1.87
12.5 7.33
15   9.19
17.5 9.32
20   9.11
22.5 8.45
25   7.97
27.5 7.67
30   7.45
35   6.98
40   6.63
50   6.03
60   5.66
70   5.35
80   5.08
90   4.83
 100 4.64
 120 4.32
 140 4.00
 170 3.64
 200 3.39
 250 2.97
 300 2.66
 350 2.40
 400 2.24
 450 2.06
 500 1.96
 600 1.79
 700 1.58
 800 1.49
 900 1.31
1000 1.21

H Balmer Alpha
  20 0.204
  30 1.05
  40 1.69
  50 2.24
  60 2.91
  70 3.26
  80 3.46
  90 3.54
 100 3.55
 150 3.11
 200 2.69
 300 2.04
 400 1.62
 500 1.32
 600 1.14
 700 1.01
 800 0.892
 900 0.814
1000 0.734


Energy	H Beta	O8446	O777.4
 20   0.415 0.236 0.035
 22.5 0.607 0.354 0.078
 25   0.726 0.528 0.145
 27.5 0.991 0.818 0.308
 30   1.55  0.972 0.489
 32.5 2.17  1.07  0.653
 35   2.54  1.17  0.765
 37.5 2.84  1.29  0.861
 40   3.06  1.40  0.945
 50   4.04  1.88  1.16
 60   5.25  2.30  1.29
 70   5.89  2.54  1.33
 80   6.25  2.70  1.32
 90   6.40  2.80  1.28
100   6.41  2.86  1.26
 120 6.13 2.87  1.17
 140 5.83 2.59  1.02
 170 5.22 2.53  0.804
 200 4.86 2.32  0.734
 250 4.18 1.90  0.540
 300 3.68 1.67  0.461
 350 3.27 1.45  0.425
 400 2.92 1.30  0.362
 450 2.62 1.13  0.347
 500 2.39 1.05  0.282
 600 2.05 0.892 0.244
 700 1.82 0.784 0.172
 800 1.61 0.680 0.170
 900 1.47 0.586 0.160
1000 1.38 0.532 0.135


Energy O 130.4	H 121.6
25   0.194 0.601
37.5 0.832 2.27
50   1.45  4.05
62.5 2.09  5.90
75   2.56  7.27
87.5 2.78  8.23
100   2.83  8.45
112.5 2.81  8.39
125   2.75  8.29
137.5 2.68  8.12
150   2.60  7.99
175   2.39  7.64
200   2.22  7.33
225   2.02  6.98
250   1.86  6.65
 
O(1S)

 18.56 0.2
 22.52 0.36
 26.48 0.48
 30.44 0.67
 34.4  0.78
 42.32 1.04
 50.24 1.20
 54.2  1.25
 62.12 1.36
 70.04 1.39
 81.92 1.45
 93.8  1.49
101.72 1.50
105.68 1.50
113.6  1.50
121.52 1.49
125.48 1.48
133.4  1.47
137.36 1.46
141.32 1.46
145.28 1.45
153.2  1.43
157.16 1.43
161.12 1.42
165.08 1.40
173    1.36
176.96 1.34
180.92 1.33
184.88 1.33
192.8  1.30
196.76 1.29
200.72 1.28
212.6  1.26
220.52 1.24
232.4  1.20
240.32 1.16
252.2  1.12
260.12 1.11
272    1.07
283.88 1.05
291.8  1.03
303.68 1.00
311.6  0.98
319.52 0.95


OH(X)
 10 0.15
 15 0.48
 20 0.7
 30 1.3
 50 1.9
 75 2.1
100 2.05
150 1.98
200 1.75
250 1.6
300 1.4




































